# %s did not solve. 20210408T032926.157
# %s did not solve. 20210408T033055.045
# %s did not solve. 20210408T033205.133
# %s did not solve. 20210408T033316.344
# %s did not solve. 20210408T033547.197
# %s did not solve. 20210408T034433.072
# %s did not solve. 20210408T034552.565
# %s did not solve. 20210408T040547.496
# %s did not solve. 20210408T040706.026
20210408T040820.124 195.3878511585526 35.114084438588215 195.62773407864086 35.001931955917385 -52.104166666666664 195.35958333333335 35.18083333333334 0.0 195.42847 +35.71779 2000.0
20210408T040932.383 195.70847987646363 50.113910069148815 195.93093327416975 49.999219945441496 -52.16791666666667 195.72541666666666 50.18083333333333 0.0 195.94486 +50.72040 2000.0
# %s did not solve. 20210408T041112.608
20210408T041236.480 181.39829560463522 12.618355277390169 181.66310330413407 12.505475297199641 -37.00749999999999 181.33375 12.691666666666666 0.0 181.28675 +13.25290 2000.0
20210408T041347.933 181.73548146060645 27.61833463150743 181.9996634869689 27.50261618577724 -37.06666666666667 181.6916666666667 27.686666666666667 0.0 181.68728 +28.22710 2000.0
20210408T041502.131 182.0491895334917 42.61831179288222 182.31123074458463 42.50012072119433 -37.11083333333333 182.04583333333332 42.68527777777778 0.0 182.13418 +43.23253 2000.0
# %s did not solve. 20210408T041730.999
# %s did not solve. 20210408T041850.033
20210408T042012.315 168.30657327918027 5.115997748866761 168.57690646283956 5.006374735448715 -21.99625 168.22708333333335 5.196944444444444 0.0 168.16235  +5.75540 2000.0
20210408T042130.286 168.63263100890399 20.116132130918373 168.9098970527382 20.003602805549306 -22.01666666666667 168.57333333333332 20.192222222222224 0.0 168.52633 +20.74766 2000.0
20210408T043826.009 172.529156289381 35.117430589244876 172.80935770062152 35.00109746857677 -21.71708333333333 172.51541666666665 35.19061111111111 0.0 172.52461 +35.75157 2000.0
20210408T043940.736 173.1970687503468 50.11759940410859 173.48332122959363 49.99869060309508 -22.137916666666666 173.24875000000003 50.191944444444445 0.0 173.38363 +50.74570 2000.0
# %s did not solve. 20210408T044126.012
20210408T044302.936 158.9656418673855 -2.3893912928774794 159.2345967968608 -2.4923694271481915 -6.9375 158.8875 -2.297222222222222 0.0 158.82015  -1.73528 2000.0
20210408T044419.529 159.35243465648696 12.610895318749753 159.63273803116363 12.504673252247043 -7.015 159.29250000000002 12.698027777777776 0.0 159.22415 +13.25934 2000.0
20210408T044557.554 159.6682713870642 27.611126591020625 159.96111319009512 27.502439745297167 -6.957916666666667 159.64000000000001 27.69472222222222 0.0 159.59899 +28.23914 2000.0
20210408T044731.796 160.0577051661465 42.6114071336246 160.36677163399915 42.50033056071448 -7.01 160.0845833333333 42.69416666666666 0.0 160.11569 +43.24176 2000.0
# %s did not solve. 20210408T045012.285
20210408T045130.206 146.16982186732122 -9.901497829044347 146.4316908089648 -9.99047841529943 7.995833333333334 146.08125 -9.793055555555556 0.0 146.02551  -9.23766 2000.0
20210408T045251.197 146.48133273317677 5.098867709308082 146.76007987788714 5.00607218115083 8.005416666666667 146.41 5.202222222222222 0.0 146.33402  +5.75453 2000.0
20210408T045407.620 146.80139780100365 20.09924010339436 147.09805412063886 20.00378501755862 7.975416666666667 146.75916666666666 20.198333333333334 0.0 146.68842 +20.74695 2000.0
20210408T045523.715 147.10075164419038 35.09958806820846 147.41941164641196 35.0018805516406 7.947499999999999 147.10666666666665 35.1963888888889 0.0 147.07358 +35.73546 2000.0
20210408T045647.046 147.38492979703935 50.09992159856319 147.73610657389418 49.99981696997572 7.920000000000001 147.47708333333333 50.19833333333332 0.0 147.53929 +50.73780 2000.0
# %s did not solve. 20210408T051148.953
20210408T051307.477 136.58536239355246 -2.4138047383904904 136.8576930470013 -2.4919657771010413 23.004583333333336 136.4925 -2.3005555555555555 0.0 136.42082  -1.75057 2000.0
20210408T051424.539 136.88592469756844 12.586634984601307 137.17905150432955 12.505299876045228 23.0 136.81875 12.694722222222222 0.0 136.73476 +13.24298 2000.0
20210408T051554.680 137.18545449202037 27.58707242328277 137.50274866831523 27.50336415272976 23.038333333333338 137.15875 27.691111111111113 0.0 137.08857 +28.21430 2000.0
20210408T051708.033 137.53213271632788 42.58757803790925 137.8820891484565 42.50156636524436 22.92458333333333 137.57333333333332 42.69083333333333 0.0 137.55563 +43.21837 2000.0
# %s did not solve. 20210408T051926.953
20210408T052115.209 123.49403153425857 5.065580280198399 123.7808304335459 5.007503362415137 38.123333333333335 123.40624999999999 5.198055555555555 0.0 123.31634  +5.73028 2000.0
20210408T052232.585 123.90461365445177 20.06630819317141 124.21778015337748 20.005156474823462 38.00583333333333 123.85208333333333 20.193055555555556 0.0 123.75628 +20.71813 2000.0
20210408T052344.868 124.20274266129938 35.066845627179276 124.54934082641185 35.00340755139167 37.95375 124.20625000000001 35.19027777777778 0.0 124.13324 +35.69877 2000.0
20210408T052455.503 124.45545599753034 50.06731658444815 124.85248714617902 50.001642917293054 37.89791666666667 124.55749999999999 50.19222222222223 0.0 124.55633 +50.70220 2000.0
20210408T052624.953 109.84042097830886 12.540473359527196 110.14642207048342 12.507947813528022 53.06458333333334 109.75625000000001 12.695833333333333 0.0 109.63984 +13.23612 2000.0
20210408T052736.301 110.183165395746 27.541170333188216 110.5215718068685 27.505675703627116 52.98166666666667 110.145 27.69055555555556 0.0 110.03124 +28.16587 2000.0
20210408T052848.223 110.43626528723387 42.54170265794497 110.81990328020127 42.503949641026594 52.953333333333326 110.47416666666666 42.689166666666665 0.0 110.39639 +43.17077 2000.0
20210408T053052.397 95.91955027798353 35.01257539652162 96.28781246301315 35.007221523380025 68.05083333333333 95.89458333333334 35.18805555555556 0.0  95.75663 +35.64737 2000.0
20210408T055103.315 100.94192411735506 50.022890527694024 101.3695932353577 50.00548401788052 67.96583333333334 101.04 50.1925 0.0 100.96078 +50.65535 2000.0
