("20210310T075105/4.0" 0 0.12321841293684224 -0.6245209482322968 0.0 2.8383525170971406 -0.6094245561669566 -0.008284337287908968 -0.013603575920268507)
("20210310T075125/4.0" 0 0.12289261246172631 -0.36306031452380516 0.0 2.8403373055225085 -0.3476734267216248 -0.009170849225312805 -0.013675905988659032)
("20210310T075205/4.0" 0 0.12202783079255577 0.1602490500325126 0.0 2.8442214485063593 0.1762367156152298 -0.009169067024167202 -0.01409652338649428)
("20210310T075224/4.0" 0 0.12139421150600412 0.4219410165659326 0.0 2.8462782317633724 0.4381726754283478 -0.008271501759514605 -0.01428559472057589)
("20210310T075257/4.0" 0 0.11888713296109227 0.9453095672143164 0.0 2.8509703749244335 0.9610904235525185 -0.004954787262248434 -0.013733222984765758)
("20210310T075316/4.0" 0 0.11501204182742847 1.2070250121759065 0.0 2.855846737588043 1.2222049441531855 -0.0027725089299345585 -0.013064917658273334)
("20210310T075336/4.0" 0 0.08871850324805511 1.468791589830426 0.0 2.883536909769709 1.4804415040837762 -0.00015620974380996813 -0.00942758924220266)
("20210310T075439/4.0" 0 0.38470746790048693 -0.6241057507657088 0.0 2.5930467525287257 -0.608950524742115 -0.007931287745154357 -0.013900478339681666)
("20210310T075459/4.0" 0 0.3844655250417754 -0.3626583689468017 0.0 2.594547997484829 -0.3472137069966495 -0.00905181218041661 -0.013950542339648042)
("20210310T075519/4.0" 0 0.38410580654701626 -0.10103117049109243 0.0 2.5960945337350205 -0.0852926697486361 -0.009614774655579968 -0.01413330982110493)
("20210310T080122/4.0" 0 0.3821684314224941 0.6840428116331827 0.0 2.623073658779424 0.7000152601264841 -0.007748511482124254 -0.014178844260382406)
("20210310T080222/4.0" 0 0.34868857634707345 1.4692349528887023 0.0 2.6432504503306413 1.4809759239007367 -0.0013185684104249206 -0.009740637321451695)
("20210310T080305/4.0" 0 0.6477913515566034 -0.6236058434711679 0.0 2.3673347522748998 -0.6090260102322638 -0.007556959078381729 -0.013725150510534467)
("20210310T080325/4.0" 0 0.6459708998565801 -0.3622342232589513 0.0 2.3701407181133307 -0.3473503662770807 -0.008896151227924 -0.013709506011768569)
("20210310T080345/4.0" 0 0.6456623140547504 -0.10062057496686837 0.0 2.3713216078852297 -0.08555176387609464 -0.009697857464086728 -0.01376777489959527)
("20210310T080405/4.0" 0 0.6452278992177367 0.16107266988387484 0.0 2.372499356064476 0.1763122011053786 -0.00993972941172631 -0.013867175925105668)
("20210310T080425/4.0" 0 0.6446233829555775 0.42277703609533024 0.0 2.3736693375285505 0.4382015606274683 -0.009572284975115117 -0.014002801793408182)
("20210310T080445/4.0" 0 0.6436940462615834 0.6844762464269152 0.0 2.3747531869940386 0.7000473741847208 -0.008639563385704404 -0.014107925680737599)
("20210310T080505/4.0" 0 0.6419995088178991 0.9461759680854296 0.0 2.3756586638099737 0.961642122129074 -0.0072003975168632404 -0.013960030657474864)
("20210310T080524/4.0" 0 0.637974428451642 1.2079121217876563 0.0 2.3759933306940435 1.2228507159764233 -0.005309334071111818 -0.013378274938747214)
("20210310T080544/4.0" 0 0.6099798756208132 1.4697033709665142 0.0 2.375624542623097 1.4810655465578269 -0.0027311154684438576 -0.009724473920775578)
("20210310T080626/4.0" 0 0.9080144462644679 -0.3617750090658668 0.0 2.1214714422769347 -0.3476246447690316 -0.008606701104143886 -0.013481389310995184)
("20210310T080646/4.0" 0 0.907167688869555 -0.10020482356277392 0.0 2.1229664040477307 -0.08589018321805635 -0.009653224592077382 -0.01346271508921848)
("20210310T080706/4.0" 0 0.9067723905426325 0.16147751298014434 0.0 2.1237444718282696 0.17595685206967254 -0.010178495098391275 -0.013541065256624657)
("20210310T080725/4.0" 0 0.9062229697571047 0.42318869688399036 0.0 2.124459184156961 0.4377698534369875 -0.0100722020594188 -0.013590083816438836)
("20210310T080745/4.0" 0 0.9053373515155654 0.6848933187589104 0.0 2.124936008108606 0.6995901851871609 -0.00940835626935317 -0.013665818685316689)
("20210310T080804/4.0" 0 0.9037195131112755 0.9466067610233608 0.0 2.124790883981303 0.9613086769754804 -0.008193528732243922 -0.013632822529542787)
("20210310T080824/4.0" 0 0.8998331301745897 1.2083542491391868 0.0 2.1227457071638156 1.2225837678673308 -0.006496628367186001 -0.013115575350959974)
("20210310T080844/4.0" 0 0.8725649598574022 1.470160965957656 0.0 2.1084069546940563 1.4807709349800902 -0.003958659740081179 -0.009441091483971098)
("20210310T080922/4.0" 0 1.1693637811446826 -0.36102715082119513 0.0 1.8727134164480748 -0.34819292397348095 -0.008184400676702303 -0.013084602892059982)
("20210310T080942/4.0" 0 1.1684667432683893 -0.09975276794669952 0.0 1.8744405070093857 -0.08644973577624572 -0.009440241670631394 -0.013063116960225427)
("20210310T081014/4.0" 0 1.1678638888187505 0.42356925195111833 0.0 1.8746158253327485 0.4371400513764053 -0.010365051509995943 -0.013104772143539722)
("20210310T081054/4.0" 0 1.1656001592816054 0.9469989487781302 0.0 1.8734998618090235 0.9607102035749715 -0.008982524147393044 -0.013161279541213933)
("20210310T081114/4.0" 0 1.1619836291318553 1.2087587513508367 0.0 1.8693708491311178 1.2220551076369017 -0.007488549661409214 -0.012708871587091553)
("20210310T081133/4.0" 0 1.1364381618500405 1.4705863473522522 0.0 1.8416835567427179 1.480182584489243 -0.005116140769694934 -0.008973714042038061)
("20210310T081306/4.0" 0 1.4275736539001798 0.947349079892965 0.0 1.6200432351008693 0.9594669182823133 -0.009516870174803772 -0.0121568787037728)
("20210310T081326/4.0" 0 1.4243363578896566 1.209109010297404 0.0 1.6143109629720818 1.2208848643734393 -0.008204432903000054 -0.011774760183204558)
("20210310T081428/4.0" 0 1.690380398360618 0.6860310637871697 0.0 1.367205676678398 0.696396494455399 -0.010419780484164802 -0.011204603331566032)
("20210310T081448/4.0" 0 1.689483488316057 0.9476583900746113 0.0 1.3649446026324392 0.9580932568945312 -0.009817406360571457 -0.01112829684889105)
("20210310T081508/4.0" 0 1.6868454248560907 1.209392157584501 0.0 1.3580558753412801 1.219488164639531 -0.008653016551201835 -0.010715134616099409)
("20210310T081528/4.0" 0 1.6674138510572816 1.4712233328744218 0.0 1.3130183521252674 1.4779198523804946 -0.006583415855321723 -0.007277705814590973)
("20210310T081612/4.0" 0 1.9494494281890635 1.209602653837061 0.0 1.1003089675323363 1.2178739968808239 -0.008745294516968203 -0.009519703406293933)
("20210310T081655/4.0" 0 2.2130428917408005 0.9486080094034675 0.0 0.8508743648189409 0.9547057473493353 -0.009555553072184836 -0.008634980025371775)
("20210310T081714/4.0" 0 2.212122631099801 1.2097414790983647 0.0 0.8437127552992325 1.2161653195431215 -0.008553688900923404 -0.008278112475356147)
("20210310T081734/4.0" 0 2.200960065959244 1.4714455470357781 0.0 0.7957107030822446 1.4747620281648615 -0.006749429505680111 -0.004991902254562364)
("20210310T081755/4.0" 0 2.4749396020988255 1.209805906291456 0.0 0.586647922161968 1.2144838693417503 -0.008048040728735115 -0.007081791162361517)
("20210310T081815/4.0" 0 2.4678711038494034 1.4713717029050724 0.0 0.5425218971478092 1.473163655635885 -0.006340937794526259 -0.003875897054002264)
("20210310T081836/4.0" 0 2.7377667570258586 1.2097682385409978 0.0 0.3308149424107612 1.2130171819048368 -0.00725184282014945 -0.006085061303181538)
("20210310T081856/4.0" 0 2.7345029998467445 1.4711814040662197 0.0 0.29314960268870977 1.4718210611087883 -0.005654195369429338 -0.0029962966584580197)
("20210310T081928/4.0" 0 3.000415501465145 1.4708711138412927 0.0 0.046169543768856396 1.4706975054028169 -0.004761452693496045 -0.002299397028199035)

(IH ID CH NP MA ME TF HHSH HHCH HDSD HDCD)
11
;; number of pointings:
;; 50
;; number of parameters:
;; 11
;; root-mean-square-residual:
;; 168.13473523353326 arcsec
0.0008151401991094646
;; root-mean-square-x-residual:
;; 30.875146267853566 arcsec
0.0001496869331691344
;; root-mean-square-y-residual:
;; 165.27557150102064 arcsec
0.0008012785821689212
;; max-residual:
;; 274.60977376808574 arcsec
0.0013313457528916254
;; max-x-residual:
;; 61.2317922480731 arcsec
0.0002968601060072267
;; max-y-residual:
;; 224.49918083879115 arcsec
0.0010884027426852974
;; p:
 IH -1347.6324112994573 arcsec
 ID -748.2813247971851 arcsec
 CH -233.4617972494424 arcsec
 NP -106.94492982442651 arcsec
 MA -490.9395071022887 arcsec
 ME -950.660389469873 arcsec
 TF 219.53849866108536 arcsec
 HHSH -559.505502592007 arcsec
 HHCH -302.34796448907474 arcsec
 HDSD -434.67974960290576 arcsec
 HDCD -1123.150319102287 arcsec
(-0.006533506301046102 -0.003627770235804436 -0.0011318547332295032 -0.0005184836510418122 -0.0023801418964036177 -0.004608931629039143 0.0010643526768114172 -0.0027125592231267196 -0.001465824296399236 -0.002107386895087561 -0.005445186406433298)
;; dp:
;; IH 0.2041820308134215 arcsec
;; ID 0.09429325214417499 arcsec
;; CH 0.15920977687408985 arcsec
;; NP 0.09992484250615986 arcsec
;; MA 0.054658338210283784 arcsec
;; ME 0.06410714581080573 arcsec
;; TF 0.06644188034465931 arcsec
;; HHSH 0.27974024028756794 arcsec
;; HHCH 0.13382279991738466 arcsec
;; HDSD 0.050067630126261684 arcsec
;; HDCD 0.15253894263794174 arcsec
(9.899024197507558e-07 4.5714658675807124e-07 7.718707799495537e-07 4.844493072970199e-07 2.6499110151057687e-07 3.1080021345962494e-07 3.221193258973361e-07 1.3562189564828193e-06 6.487912424433216e-07 2.427347206594363e-07 7.395296629285689e-07)
{
  IH -0.006533506301046102
  ID -0.003627770235804436
  CH -0.0011318547332295032
  NP -0.0005184836510418122
  MA -0.0023801418964036177
  ME -0.004608931629039143
  TF 0.0010643526768114172
  HHSH -0.0027125592231267196
  HHCH -0.001465824296399236
  HDSD -0.002107386895087561
  HDCD -0.005445186406433298
}

;; 20210310T075105/4.0	0	7	-36	0	-1709	-2806	-1757	-2610	48	-196
;; 20210310T075125/4.0	0	7	-21	0	-1892	-2821	-1908	-2820	17	-1
;; 20210310T075205/4.0	0	7	9	0	-1891	-2908	-1862	-3012	-29	104
;; 20210310T075224/4.0	0	7	24	0	-1706	-2947	-1667	-2981	-39	34
;; 20210310T075257/4.0	0	7	54	0	-1022	-2833	-998	-2675	-24	-157
;; 20210310T075316/4.0	0	7	69	0	-572	-2695	-567	-2421	-5	-274
;; 20210310T075336/4.0	0	5	84	0	-32	-1945	-93	-2111	61	166
;; 20210310T075439/4.0	0	22	-36	0	-1636	-2867	-1649	-2665	13	-202
;; 20210310T075459/4.0	0	22	-21	0	-1867	-2878	-1878	-2877	11	0
;; 20210310T075519/4.0	0	22	-6	0	-1983	-2915	-1990	-3017	7	102
;; 20210310T080122/4.0	0	22	39	0	-1598	-2925	-1591	-2936	-8	11
;; 20210310T080222/4.0	0	20	84	0	-272	-2009	-325	-2191	53	182
;; 20210310T080305/4.0	0	37	-36	0	-1559	-2831	-1515	-2640	-44	-191
;; 20210310T080325/4.0	0	37	-21	0	-1835	-2828	-1819	-2858	-16	30
;; 20210310T080345/4.0	0	37	-6	0	-2000	-2840	-2008	-3005	7	165
;; 20210310T080405/4.0	0	37	9	0	-2050	-2860	-2067	-3069	17	209
;; 20210310T080425/4.0	0	37	24	0	-1974	-2888	-1994	-3047	19	159
;; 20210310T080445/4.0	0	37	39	0	-1782	-2910	-1792	-2941	10	31
;; 20210310T080505/4.0	0	37	54	0	-1485	-2879	-1476	-2757	-9	-122
;; 20210310T080524/4.0	0	37	69	0	-1095	-2759	-1065	-2508	-30	-251
;; 20210310T080544/4.0	0	35	84	0	-563	-2006	-567	-2213	4	207
;; 20210310T080626/4.0	0	52	-21	0	-1775	-2781	-1736	-2764	-39	-17
;; 20210310T080646/4.0	0	52	-6	0	-1991	-2777	-1995	-2919	4	142
;; 20210310T080706/4.0	0	52	9	0	-2099	-2793	-2123	-2992	24	199
;; 20210310T080725/4.0	0	52	24	0	-2078	-2803	-2113	-2979	35	176
;; 20210310T080745/4.0	0	52	39	0	-1941	-2819	-1964	-2880	23	62
;; 20210310T080804/4.0	0	52	54	0	-1690	-2812	-1686	-2703	-4	-109
;; 20210310T080824/4.0	0	52	69	0	-1340	-2705	-1297	-2459	-43	-246
;; 20210310T080844/4.0	0	50	84	0	-817	-1947	-804	-2172	-12	224
;; 20210310T080922/4.0	0	67	-21	0	-1688	-2699	-1634	-2601	-54	-98
;; 20210310T080942/4.0	0	67	-6	0	-1947	-2694	-1953	-2767	6	72
;; 20210310T081014/4.0	0	67	24	0	-2138	-2703	-2191	-2848	53	145
;; 20210310T081054/4.0	0	67	54	0	-1853	-2715	-1857	-2589	4	-126
;; 20210310T081114/4.0	0	67	69	0	-1545	-2621	-1496	-2351	-49	-270
;; 20210310T081133/4.0	0	65	84	0	-1055	-1851	-1020	-2071	-35	220
;; 20210310T081306/4.0	0	82	54	0	-1963	-2508	-1976	-2423	13	-85
;; 20210310T081326/4.0	0	82	69	0	-1692	-2429	-1648	-2191	-44	-238
;; 20210310T081428/4.0	0	97	39	0	-2149	-2311	-2194	-2369	45	57
;; 20210310T081448/4.0	0	97	54	0	-2025	-2295	-2037	-2216	12	-80
;; 20210310T081508/4.0	0	97	69	0	-1785	-2210	-1744	-1990	-41	-220
;; 20210310T081528/4.0	0	96	84	0	-1358	-1501	-1328	-1719	-30	218
;; 20210310T081612/4.0	0	112	69	0	-1804	-1964	-1775	-1762	-29	-202
;; 20210310T081655/4.0	0	127	54	0	-1971	-1781	-1968	-1737	-3	-44
;; 20210310T081714/4.0	0	127	69	0	-1764	-1707	-1741	-1522	-24	-186
;; 20210310T081734/4.0	0	126	84	0	-1392	-1030	-1401	-1250	9	221
;; 20210310T081755/4.0	0	142	69	0	-1660	-1461	-1642	-1286	-18	-174
;; 20210310T081815/4.0	0	141	84	0	-1308	-799	-1339	-1013	32	214
;; 20210310T081836/4.0	0	157	69	0	-1496	-1255	-1487	-1072	-9	-183
;; 20210310T081856/4.0	0	157	84	0	-1166	-618	-1217	-797	51	179
;; 20210310T081928/4.0	0	172	84	0	-982	-474	-1043	-617	60	143
