20211103T033549C0o 150.07374606729158 85.10588370027783 150.9770971329043 85.0205026207301 -169.0766015624625 150.18539199576327 85.04336181593749 180.0 149.59270 +84.99778 2000.0
20211103T033606C0o 109.55671413729513 85.04228546453518 110.96159295058146 85.01167533442326 -128.9473193359 110.13053380953795 85.03312011671875 180.0 109.61944 +84.96268 2000.0
20211103T033621C0o 90.48577485591797 75.00180907455537 91.13691428169845 75.00920783604502 -109.82235351558751 91.06782547127395 75.02764404249999 180.0  90.56334 +74.94300 2000.0
20211103T033640C0o 70.88682011768952 44.96058544026381 71.2435678717547 45.01151370648075 -90.10808349605625 71.43090832016381 45.02881103468749 180.0  70.91222 +44.92791 2000.0
20211103T033654C0o 70.83226620816637 64.96060785627478 71.31070540653035 65.00436997750357 -90.018383789025 71.39878665736292 65.02045898390625 180.0  70.89045 +64.92722 2000.0
20211103T033707C0o 69.83033426798008 84.9596585084249 71.22004973923413 84.99913922710851 -88.94686035152502 70.38438167105805 85.01707031203125 180.0  70.06654 +84.92698 2000.0
20211103T033728C0o 51.16818478177452 14.924015605242177 51.45093827634879 15.013003874182912 -70.16825927730626 51.69066653400218 15.035781249531274 180.0  51.15719 +14.91740 2000.0
20211103T033741C0o 51.21199871426675 34.924122231163416 51.53770443453596 35.00628495124002 -70.1749804687125 51.75486549451108 35.023803710468755 180.0  51.22138 +34.91529 2000.0
20211103T033755C0o 51.20010724086577 54.92415976431053 51.589799055257714 55.00124675220493 -70.1140234374625 51.75094335447605 55.015878905781236 180.0  51.23146 +54.91641 2000.0
20211103T033809C0o 51.039874895930616 74.92407446272394 51.61850930805422 74.99645134799778 -69.86813232418123 51.562889325575064 75.01130859328123 180.0  51.11246 +74.91454 2000.0
20211103T033832C0o 31.468598382695347 -15.103555477622061 31.71338693872933 -14.98094601341588 -50.18245117183751 31.972497512076146 -14.946533203593761 180.0  31.42643 -15.08544 2000.0
20211103T033846C0o 31.540895761346444 4.896537616662122 31.814265442463867 5.0100060863537585 -50.219477539025014 32.07027726061927 5.035900878437488 180.0  31.52070  +4.91259 2000.0
20211103T033900C0o 31.577759102207747 24.896592231816975 31.876267103830067 25.004901255457533 -50.20885498043125 32.11808089295297 25.02388183546874 180.0  31.57291 +24.91138 2000.0
20211103T033914C0o 31.601935066389608 44.89663828770525 31.932612752728364 45.00067435834514 -50.17199462886874 32.139195499482284 45.015202636249995 180.0  31.61149 +44.91038 2000.0
20211103T033928C0o 31.58637140176976 64.89666171084585 31.981501977344134 64.99610274696533 -50.065156249962506 32.08988502724455 65.00901122999998 180.0  31.60517 +64.91016 2000.0
20211103T033942C0o 31.061409135018604 84.89639948462062 31.939644991628327 84.98985307275545 -49.05161132808748 31.13569382943659 85.00442138624997 180.0  31.06327 +84.91030 2000.0
20211103T034000C0o 11.852689490638689 -25.118931871464444 12.110278794599346 -24.981260407791495 -30.218608398399994 12.377996511829371 -24.94229492234375 180.0  11.80693 -25.08494 2000.0
# 20211103T034011C0o 11.918423071536271 -5.118900708238883 12.189343995943316 -4.990389932512207 -30.173217773400015 12.376717993246785 -24.942290039531237 180.0 214.27360 +19.21210 2000.0
20211103T034025C0o 11.953250813628044 14.881116760891336 12.23393907213912 15.00503226862128 -30.232685546837484 12.495510244497474 15.026840819843748 180.0  11.93842 +14.91223 2000.0
20211103T034039C0o 12.001670159964004 34.88114080525006 12.292955434598424 35.001436994657276 -30.210417480431254 12.532512339551584 35.017075194843756 180.0  11.99152 +34.91082 2000.0
20211103T034053C0o 12.041520414240923 54.88116282445033 12.349316288219182 54.997461765186806 -30.15278076168123 12.53369873084348 55.00986816359374 180.0  12.02680 +54.91243 2000.0
20211103T034107C0o 12.04195219922126 74.88117624970229 12.39749053965651 74.9917761891383 -29.930444335900003 12.369562878256326 75.00392822218751 180.0  11.98153 +74.91062 2000.0
20211103T034125C0o 352.1844533071258 -35.12049513541522 352.4709788188006 -34.976471983022506 -10.228283691368727 352.7434306551518 -34.93271484421876 180.0 352.14237 -35.07539 2000.0
# 20211103T034140C0o did not solve.
20211103T034154C0o 352.33600894621696 4.879464130356828 352.6115985763141 5.005871132045721 -10.253100585899995 352.8893991706536 5.031098632343743 180.0 352.31663  +4.92029 2000.0
20211103T034208C0o 352.3999356500328 24.879447260635246 352.6695519024708 25.002664138848544 -10.237719726524984 352.9331004588388 25.02059326125 180.0 352.37852 +24.91952 2000.0
20211103T034222C0o 352.46751008810367 44.879429845777565 352.72879849923856 44.99940322820898 -10.205358886681234 352.95876889344123 45.01245117140624 180.0 352.43189 +44.91853 2000.0
20211103T034236C0o 352.54319799975883 64.87941163464748 352.7866880954024 64.9948376921902 -10.109240722618747 352.92108109909515 65.0060083003125 180.0 352.45873 +64.91826 2000.0
20211103T034250C0o 352.7397098437493 84.87937740154977 352.83793184287947 84.98660414835528 -9.218474121056245 352.08734520996626 84.9991821284375 180.0 352.16594 +84.91876 2000.0
20211103T034321C0o 332.5989446357518 -25.108091114294155 332.90616036983363 -24.985311758493292 9.798466796912496 333.19834528368403 -25.092387694843737 0.0 332.61481 -25.10364 2000.0
20211103T034335C0o 332.74860788181127 -5.108225943679005 333.0331026362669 -4.992355708207184 9.73168457035 333.32320692488634 -5.105783690937492 0.0 332.75148  -5.10721 2000.0
# 20211103T034346C0o 332.82634611067544 14.891708461430001 333.0908606368981 15.004217313225137 9.713688964881248 333.3906458603182 -5.032678222187492 0.0 332.82512 +14.89162 2000.0
20211103T034400C0o 332.8989289224021 34.89164996805866 333.14014239485437 35.001428155837765 9.702341308631249 333.4597846395502 34.87709716843751 0.0 332.90181 +34.88926 2000.0
20211103T034414C0o 332.99666696182 54.891575139742514 333.1999964894079 54.99791706776466 9.648381347693748 333.57274318806896 54.87026855515626 0.0 333.02001 +54.89180 2000.0
20211103T034428C0o 333.1812700178304 74.89145812784837 333.2686970038194 74.99213542624528 9.431791992224998 333.84729914668634 74.86288085984374 0.0 333.30072 +74.89182 2000.0
20211103T034446C0o 312.97279515408883 -35.08314231017686 313.32954010399584 -34.9725414307752 29.71513427738125 313.63915801969534 -35.07926025343749 0.0 313.02028 -35.08793 2000.0
20211103T034500C0o 313.0868304079996 -15.083289014531449 313.39488351084776 -14.988160354880689 29.718225097693743 313.6952078420861 -15.101013183124993 0.0 313.10365 -15.09194 2000.0
20211103T034514C0o 313.17714094496216 4.916595774629509 313.4514385969549 5.006689648368003 29.7160644531625 313.7543950255192 4.888120117656258 0.0 313.17675  +4.90549 2000.0
20211103T034528C0o 313.2682976496433 24.916480913297107 313.5091388370644 25.003716303685856 29.703068847693753 313.82574161688666 24.879985352031255 0.0 313.25731 +24.90336 2000.0
20211103T034542C0o 313.3732839483698 44.9163553044076 313.56916844415 45.00082574974358 29.6681835937875 313.9185934713127 44.872875977031256 0.0 313.35752 +44.90408 2000.0
20211103T034555C0o 313.5314120491412 64.91618916334862 313.6346579199165 64.9967452984911 29.564768066443747 314.07937813768694 64.86647705125 0.0 313.52558 +64.90447 2000.0
20211103T034609C0o 314.39051277271074 84.91548467587387 313.780065877031 84.98946905212192 28.593984375037497 315.1070713803432 84.858928223125 0.0 314.55510 +84.90357 2000.0
20211103T034627C0o 293.4475453420733 -5.0486607561257735 293.74614341035686 -4.9876352468635305 49.71795166019375 294.0567259423692 -5.105793456562492 0.0 293.45734  -5.07675 2000.0
20211103T034641C0o 293.56224861951694 14.95115473259901 293.8183166431273 15.007348620407905 49.698815918006254 294.1363017094163 14.883967285625006 0.0 293.55142 +14.92137 2000.0
20211103T034655C0o 293.6695147342812 34.95099302306559 293.8783146286105 35.00416057876873 49.67629638675625 294.21842982610315 34.876606445781256 0.0 293.64266 +34.91836 2000.0
20211103T034710C0o 293.81048128194345 54.950797760800064 293.9439658035116 55.00089455691043 49.617187500037495 294.3380372301972 54.87052978562501 0.0 293.76816 +54.92025 2000.0
20211103T034724C0o 294.12591907180934 74.95043303578969 294.03136741981 74.99631882546468 49.3792675781625 294.63642224177613 74.86488525437501 0.0 294.06616 +74.91932 2000.0
20211103T034743C0o 273.78298611674177 4.991693252721764 274.0723629726912 5.017506490448935 69.69737060550625 274.39410112682475 4.894379883281257 0.0 273.78189  +4.94077 2000.0
20211103T034757C0o 273.90571916515887 24.99148206076309 274.14306806537076 25.010258354483142 69.67169677738124 274.4791119665051 24.88292236375001 0.0 273.88191 +24.93781 2000.0
20211103T034811C0o 274.02863492622606 44.991290364844595 274.2029613017502 45.00606848789747 69.6379492187875 274.5730405071843 44.87588134812501 0.0 273.98352 +44.93784 2000.0
20211103T034825C0o 274.2278107899736 64.99101560174553 274.2764840028855 65.00228219860979 69.5260009766 274.74475192629643 64.87077148484377 0.0 274.15491 +64.93707 2000.0
20211103T034840C0o 275.4113970163813 84.98969931223134 274.48331802078155 84.99767942306951 68.46631591800625 275.8646012544553 84.86608642625 0.0 275.18036 +84.93514 2000.0
20211103T034856C0o 254.2559886233075 55.032875407513565 254.40014845635304 55.01075394819156 89.58669677738126 254.8137226594798 54.87963623093751 0.0 254.19442 +54.95507 2000.0
20211103T034910C0o 254.59483109402996 75.03245947793663 254.4996380535181 75.00560539638042 89.3270800781625 255.13174048216646 74.87399658250001 0.0 254.48134 +74.95301 2000.0
20211103T034928C0o 234.42843520370752 65.07066921592829 234.54767963565595 65.01805381946446 109.496401367225 235.03330858105852 64.88700927781251 0.0 234.35993 +64.96732 2000.0
20211103T034942C0o 235.43398913806897 85.0697394649544 234.74707062054412 85.00928791669918 108.41198486331875 236.17777236950496 84.87882324265625 0.0 235.25103 +84.96448 2000.0
20211103T035000C0o 214.6062656001017 75.1000593525416 214.69249295848508 75.022135707129 129.32735839847498 215.3397475239936 74.892619629375 0.0 214.56930 +74.97345 2000.0
20211103T035018C0o 194.78248749629597 85.1175804509908 194.7912248969162 85.01929366572185 148.49899902347497 196.24345429107717 84.89187011765625 0.0 195.06375 +84.97348 2000.0
20211103T044721C0o 168.42158744235866 85.11922671076181 168.90014726616158 85.02110717662468 -169.0733593749625 168.11504226101556 85.05369140578124 180.0 167.93951 +85.00905 2000.0
20211103T044741C0o 127.70166031764916 85.07550883965472 128.88346519512532 85.01158297913558 -128.93364257808753 128.05930893572355 85.04265136671873 180.0 127.74264 +84.99401 2000.0
20211103T044758C0o 108.45222035288157 75.03919695184955 109.0760035189467 75.00879329318612 -109.81531982418126 109.01329611580536 75.03690429640625 180.0 108.52539 +74.97835 2000.0
20211103T044817C0o 88.83369416541424 44.997951023867216 89.19589307957658 45.01118488997912 -90.11244628902502 89.38976838915016 45.038005370624994 180.0  88.86121 +44.96284 2000.0
20211103T044832C0o 88.77444229006603 64.99797289813984 89.2652999347991 65.00376138499541 -90.02301513668124 89.36010459257056 65.02958007765623 180.0  88.83192 +64.96186 2000.0
20211103T044846C0o 87.70564832331684 84.99690190593718 89.17000720456082 84.99840089156692 -88.94311279293125 88.34134836531122 85.02611083937498 180.0  87.91478 +84.96092 2000.0
20211103T044907C0o 69.12487251882344 14.956983525615389 69.41218490267508 15.013285495720519 -70.17432861324376 69.65889991248159 15.045876464374986 180.0  69.11772 +14.94718 2000.0
20211103T044921C0o 69.16232634567582 34.95710667544451 69.50063415072749 35.006044509831824 -70.17980224605625 69.72480521264251 35.03337158156252 180.0  69.17482 +34.94505 2000.0
20211103T044936C0o 69.14001503917696 54.957144516514944 69.55575691314401 55.00060001941348 -70.11818603511874 69.72367080661793 55.025168456562476 180.0  69.17262 +54.94591 2000.0
20211103T044950C0o 68.93849642591663 74.95700369767583 69.58573787775728 74.99556054255919 -69.87118652339998 69.53673528939103 75.02020263624999 180.0  69.00260 +74.94544 2000.0
20211103T045012C0o 49.44804166482031 -15.078840343578419 49.68523052069031 -14.979813972303106 -50.19462646480625 49.951006568246406 -14.935729980937511 180.0  49.40949 -15.06366 2000.0
20211103T045026C0o 49.50592201252249 4.921279805984365 49.78187956982837 5.010537249764058 -50.22805419918127 50.04469884475069 5.046159667499977 180.0  49.48994  +4.93406 2000.0
20211103T045040C0o 49.5308903725603 24.921348593710864 49.842820189309215 25.004855505234218 -50.215314941368746 50.09102502729527 25.03353515578123 180.0  49.53125 +24.93259 2000.0
20211103T045055C0o 49.53999431168764 44.9214033523723 49.89934389906351 45.000139685165735 -50.177043456993744 50.112775754796814 45.02440429640623 180.0  49.55218 +44.93152 2000.0
20211103T045109C0o 49.49365916130741 64.92141401731162 49.95014298755275 64.99522451436532 -50.0695605468375 50.06526492683154 65.01799804640625 180.0  49.51001 +64.93501 2000.0
20211103T045124C0o 48.706836698530786 84.92082475532641 49.91047191657684 84.98882001483429 -49.05709960933752 49.1136242155922 85.01309570265626 180.0  48.65880 +84.93537 2000.0
20211103T045142C0o 29.842352795367297 -25.10532839736165 30.084282724459406 -24.980016510517547 -30.226528320274998 30.358922577767537 -24.931213379375023 180.0  29.80150 -25.07372 2000.0
20211103T045156C0o 29.893260954511263 -5.1052621777802285 30.161758509710122 -4.989680045375664 -30.2490234374625 30.438640600136985 -4.950163574687485 180.0  29.87206  -5.07681 2000.0
20211103T045210C0o 29.929988540568857 14.894788354593516 30.220727241289485 15.005196902962204 -30.239594726525 30.489309313991996 15.036479491718742 180.0  29.92037 +14.92246 2000.0
20211103T045224C0o 29.962863028711094 34.89483736826444 30.279441074687465 35.001104296492784 -30.218559570274984 30.52566000673059 35.02642578078123 180.0  29.95764 +34.92093 2000.0
20211103T045238C0o 29.976686534246625 54.89487574282319 30.335521405384213 54.99674001288559 -30.15882324214999 30.5266686998312 55.018852538593734 180.0  29.96285 +54.92694 2000.0
20211103T045252C0o 29.89726172481938 74.89486552204379 30.385207927569574 74.99082009459306 -29.93843505855624 30.36409253059086 75.01268066359374 180.0  29.82514 +74.92559 2000.0
20211103T045310C0o 10.19759747001455 -35.11961299569459 10.459249542596119 -34.97533610037508 -10.237780761681245 10.73834692939555 -34.92179443406252 180.0  10.16057 -35.07667 2000.0
20211103T045324C0o 10.262744815500367 -15.119586332330147 10.534946215810486 -14.988470503812229 -10.26360107418126 10.822447201610037 -14.944521484843756 180.0  10.24271 -15.08084 2000.0
20211103T045338C0o 10.312807598062214 4.880434391606274 10.592791764387908 5.006165906011881 -10.261323242150016 10.877133234613282 5.0411352534374885 180.0  10.29847  +4.91754 2000.0
20211103T045352C0o 10.362195249337788 24.880455074267342 10.650476389291489 25.002534820759884 -10.245700683556256 10.920927071459236 25.030219726093737 180.0  10.34534 +24.91702 2000.0
# 20211103T045403C0o 10.40910352621939 44.88047558059194 10.709315251945156 44.998913721295985 -10.198681640587505 10.921350060942 25.03024414015625 180.0  10.37670 +44.92112 2000.0
20211103T045417C0o 10.431154217564867 64.88048914097641 10.757150976276764 64.99409440027588 -10.116965331993743 10.898197819679783 65.01502441359372 180.0  10.34470 +64.92171 2000.0
20211103T045431C0o 10.285755649982931 84.88047189445707 10.814369484957037 84.98574202479308 -9.230085449181255 10.070797003607112 85.0081274409375 180.0   9.66968 +84.92072 2000.0
20211103T045502C0o 350.5880172997972 -25.119996669349433 350.8803527717207 -24.984781331726403 9.797648925818748 351.1720732087043 -25.103037108906243 0.0 350.60805 -25.11918 2000.0
20211103T045517C0o 350.7243802578576 -5.1200416811947544 351.00726228564866 -4.992094970585566 9.731914062537497 351.296957069703 -5.116584472187491 0.0 350.73055  -5.12417 2000.0
20211103T045530C0o 350.79070461801507 14.879937194011358 351.0662463093593 15.00420013202266 9.723134765662497 351.3638157786592 14.873481445781259 0.0 350.79253 +14.87416 2000.0
20211103T045544C0o 350.85710000995664 34.87991641625133 351.12493264372137 35.001157250221794 9.700734863318749 351.4443995417469 34.86559326218751 0.0 350.86153 +34.87329 2000.0
20211103T045558C0o 350.92848635460035 54.879895030808946 351.18496127970405 54.99744694613114 9.645358886756249 351.55744130138527 54.858393555156255 0.0 350.95389 +54.88081 2000.0
20211103T045612C0o 351.02856811071325 74.87986914651708 351.2533569017695 74.9915434266119 9.428813476599998 351.8316148907837 74.8511108403125 0.0 351.15446 +74.88047 2000.0
20211103T045630C0o 330.9749938447951 -35.106478600487755 331.3132619119764 -34.972447179078316 29.71238769535 331.62250648983223 -35.09046386671874 0.0 331.02799 -35.11353 2000.0
20211103T045644C0o 331.0767235059608 -15.106569650635382 331.3786559997745 -14.988144658923582 29.717180175818754 331.67880581213717 -15.112060546406243 0.0 331.09775 -15.11929 2000.0
20211103T045659C0o 331.15831018678693 4.893357710360648 331.4368681261759 5.006620372579377 29.717443847693747 331.7391492851563 4.8768359379687585 0.0 331.16149  +4.87734 2000.0
20211103T045714C0o 331.24089972548853 24.893284849431577 331.49730677726603 25.003564443966706 29.706267089881248 331.81351106349393 24.868642578593754 0.0 331.23307 +24.87548 2000.0
20211103T045728C0o 331.33522130206757 44.89320473823524 331.5629066727362 45.000602520016116 29.666440429725 331.91226946121196 44.86142089890627 0.0 331.32280 +44.88144 2000.0
20211103T045742C0o 331.46021446591504 64.89311149163846 331.6305444125524 64.9964710008075 29.563710937537497 332.0749000067243 64.85506835984377 0.0 331.45988 +64.88195 2000.0
20211103T045757C0o 332.0444434291715 84.89278589517336 331.7876833485425 84.98916826136536 28.58542236331875 333.114326342495 84.8475122075 0.0 332.23728 +84.88101 2000.0
20211103T045814C0o 311.448819399334 -5.080711102710329 311.7473775027085 -4.9879487561364115 49.71448974613125 312.0576399173035 -5.1174047846874915 0.0 311.46260  -5.11188 2000.0
20211103T045829C0o 311.55372682379044 14.919148115659793 311.8168780166179 15.007154804914478 49.698112793006246 312.13475353671197 14.872583008281259 0.0 311.54670 +14.88607 2000.0
20211103T045843C0o 311.6534970057228 34.91902108157623 311.8783269512738 35.00407368609385 49.675217285193746 312.21763783662027 34.86522705125001 0.0 311.63000 +34.88328 2000.0
20211103T045858C0o 311.77889585483604 54.91887467894587 311.9438884081424 55.00089047945826 49.614853515662496 312.3375308078349 54.859333496562506 0.0 311.74142 +54.88916 2000.0
20211103T045912C0o 312.04637015883804 74.9186155480454 312.03336756727793 74.99636319612198 49.37527587894375 312.63794120718075 74.85352783250002 0.0 311.99920 +74.88840 2000.0
20211103T045929C0o 291.77978783002095 4.954621635147217 292.07136046459914 5.017098189938067 69.6916259766 292.39310720793304 4.882785645000008 0.0 291.78322  +4.90152 2000.0
20211103T045943C0o 291.8943905049972 24.95443808943211 292.13715194162086 25.010151558992927 69.67217529300625 292.4727764775133 24.87176513718751 0.0 291.87545 +24.89819 2000.0
20211103T045958C0o 292.01415201241775 44.95426158207794 292.1987285979002 45.0062125681275 69.63623291019375 292.5687368960523 44.864909668437505 0.0 291.97437 +44.89849 2000.0
20211103T050013C0o 292.20353967974677 64.95401562350446 292.2734399817964 65.0026020387548 69.524624023475 292.7411492991414 64.85980957078125 0.0 292.13761 +64.90060 2000.0
20211103T050027C0o 293.2981929152245 84.95288040194306 292.48931172216663 84.99807501278121 68.454702148475 293.8701867494455 84.85528564500001 0.0 293.11557 +84.89962 2000.0
20211103T050045C0o 272.2558638465822 54.99510147110619 272.3952449350266 55.01121950422114 89.59150146488125 272.8085259199978 54.868891602031255 0.0 272.20227 +54.91561 2000.0
# 20211103T050057C0o 272.61086396928937 74.99464533755497 272.50320514941194 75.00625932520002 89.57106689456874 272.8791725884588 54.94854980515627 0.0 272.51440 +74.91333 2000.0
20211103T050113C0o 252.4561360359215 65.03661845520132 252.5401997406629 65.01882171470123 109.49482177738126 253.02547147809443 64.876584473125 0.0 252.39963 +64.93178 2000.0
20211103T050128C0o 253.61157077180084 85.03537894507222 252.7423935288362 85.0102050371499 108.40588134769376 254.17317234396995 84.8685717778125 0.0 253.48743 +84.92831 2000.0
20211103T050143C0o 232.69801628191368 75.07375114243281 232.6818022666649 75.02311095289527 129.3140551758187 233.33001770872343 74.88233642625 0.0 232.68294 +74.94572 2000.0
20211103T050200C0o 213.16338610302785 85.10206135028946 212.76440583101254 85.0203106978044 148.4981054687875 214.2167565286597 84.88163085984375 0.0 213.49062 +84.95577 2000.0
