RMS residual = 2.72 am 163.4 as (without model)
n_pointings = 55
20211103T033549C0o -169.08  85.04 +149.28  85.13  +1.63  +7.86
20211103T033606C0o -128.95  85.03 +108.73  85.06  +4.71  +6.06
20211103T033621C0o -109.82  75.03  +90.42  75.02  +2.29  +4.63
20211103T033640C0o  -90.11  45.03  +71.07  44.98  -6.88  +3.00
20211103T033654C0o  -90.02  65.02  +70.92  64.98  -0.76  +2.97
20211103T033707C0o  -88.95  85.02  +68.99  84.98  +5.69  +3.04
20211103T033728C0o  -70.17  15.04  +51.41  14.95 -14.54  +1.76
20211103T033741C0o  -70.17  35.02  +51.43  34.94 -10.22  +1.58
20211103T033755C0o  -70.11  55.02  +51.36  54.94  -4.48  +1.34
20211103T033809C0o  -69.87  75.01  +50.98  74.94  +2.00  +1.46
20211103T033832C0o  -50.18 -14.95  +31.73 -15.07 -17.45  +0.98
20211103T033846C0o  -50.22   5.04  +31.80   4.92 -16.51  +0.59
20211103T033900C0o  -50.21  25.02  +31.82  24.92 -13.42  +0.25
20211103T033914C0o  -50.17  45.02  +31.81  44.91  -8.37  +0.05
20211103T033928C0o  -50.07  65.01  +31.69  64.91  -2.28  -0.04
20211103T033942C0o  -49.05  85.00  +30.26  84.91  +4.29  +0.04
20211103T034000C0o  -30.22 -24.94  +12.12 -25.08 -17.03  +0.30
20211103T034025C0o  -30.23  15.03  +12.21  14.90 -16.03  -0.56
20211103T034039C0o  -30.21  35.02  +12.24  34.90 -12.29  -0.84
20211103T034053C0o  -30.15  55.01  +12.23  54.89  -6.87  -1.13
20211103T034107C0o  -29.93  75.00  +12.01  74.89  -0.51  -1.04
20211103T034125C0o  -10.23 -34.93 +352.46 -35.08 -15.44  -0.08
20211103T034154C0o  -10.25   5.03 +352.61   4.90 -17.77  -0.94
20211103T034208C0o  -10.24  25.02 +352.66  24.90 -15.51  -1.33
20211103T034222C0o  -10.21  45.01 +352.70  44.89 -11.28  -1.56
20211103T034236C0o  -10.11  65.01 +352.68  64.89  -5.57  -1.66
20211103T034250C0o   -9.22  85.00 +351.99  84.89  +0.94  -1.61
20211103T044721C0o -169.07  85.05 +167.64  85.15  +1.58  +8.57
20211103T044741C0o -128.93  85.04 +126.88  85.11  +4.53  +6.75
20211103T044758C0o -109.82  75.04 +108.39  75.07  +2.11  +5.34
20211103T044817C0o  -90.11  45.04  +89.03  45.02  -7.06  +3.72
20211103T044832C0o  -90.02  65.03  +88.87  65.02  -0.95  +3.72
20211103T044846C0o  -88.94  85.03  +86.88  85.02  +5.47  +3.82
20211103T044907C0o  -70.17  15.05  +69.37  14.99 -14.72  +2.54
20211103T044921C0o  -70.18  35.03  +69.39  34.98 -10.41  +2.36
20211103T044936C0o  -70.12  55.03  +69.31  54.98  -4.66  +2.15
20211103T044950C0o  -69.87  75.02  +68.89  74.98  +1.76  +2.17
20211103T045012C0o  -50.19 -14.94  +49.71 -15.03 -17.63  +1.73
20211103T045026C0o  -50.23   5.05  +49.77   4.96 -16.67  +1.37
20211103T045040C0o  -50.22  25.03  +49.78  24.95 -13.48  +1.05
20211103T045055C0o  -50.18  45.02  +49.75  44.95  -8.55  +0.85
20211103T045109C0o  -50.07  65.02  +49.61  64.94  -2.51  +0.55
20211103T045124C0o  -49.06  85.01  +47.91  84.95  +3.97  +0.58
20211103T045142C0o  -30.23 -24.93  +30.12 -25.06 -17.15  +1.03
20211103T045156C0o  -30.25  -4.95  +30.17  -5.07 -17.81  +0.66
20211103T045210C0o  -30.24  15.04  +30.20  14.93 -16.13  +0.22
20211103T045224C0o  -30.22  35.03  +30.21  34.92 -12.37  -0.05
20211103T045238C0o  -30.16  55.02  +30.17  54.92  -7.07  -0.60
20211103T045252C0o  -29.94  75.01  +29.88  74.92  -0.80  -0.53
20211103T045310C0o  -10.24 -34.92  +10.48 -35.07 -15.52  +0.64
20211103T045324C0o  -10.26 -14.94  +10.55 -15.08 -17.82  +0.31
20211103T045338C0o  -10.26   5.04  +10.60   4.92 -17.85  -0.13
20211103T045352C0o  -10.25  25.03  +10.63  24.91 -15.63  -0.53
20211103T045417C0o  -10.12  65.02  +10.57  64.90  -5.79  -1.22
20211103T045431C0o   -9.23  85.01   +9.54  84.90  +0.68  -1.07
RMS residual = 11.24 am 674.5 as (with original model)
Fitting model ... done.
Residuals:
20211103T033549C0o -169.08  85.04 +149.28  85.13  +1.63  +7.86  +0.11  -0.41
20211103T033606C0o -128.95  85.03 +108.73  85.06  +4.71  +6.06  +0.13  -0.39
20211103T033621C0o -109.82  75.03  +90.42  75.02  +2.29  +4.63  +0.10  -0.39
20211103T033640C0o  -90.11  45.03  +71.07  44.98  -6.88  +3.00  +0.11  -0.42
20211103T033654C0o  -90.02  65.02  +70.92  64.98  -0.76  +2.97  +0.10  -0.40
20211103T033707C0o  -88.95  85.02  +68.99  84.98  +5.69  +3.04  +0.07  -0.23
20211103T033728C0o  -70.17  15.04  +51.41  14.95 -14.54  +1.76  +0.03  -0.39
20211103T033741C0o  -70.17  35.02  +51.43  34.94 -10.22  +1.58  +0.04  -0.32
20211103T033755C0o  -70.11  55.02  +51.36  54.94  -4.48  +1.34  +0.07  -0.41
20211103T033809C0o  -69.87  75.01  +50.98  74.94  +2.00  +1.46  +0.09  -0.24
20211103T033832C0o  -50.18 -14.95  +31.73 -15.07 -17.45  +0.98  +0.11  -0.42
20211103T033846C0o  -50.22   5.04  +31.80   4.92 -16.51  +0.59  +0.09  -0.40
20211103T033900C0o  -50.21  25.02  +31.82  24.92 -13.42  +0.25  +0.04  -0.39
20211103T033914C0o  -50.17  45.02  +31.81  44.91  -8.37  +0.05  +0.16  -0.35
20211103T033928C0o  -50.07  65.01  +31.69  64.91  -2.28  -0.04  +0.12  -0.31
20211103T033942C0o  -49.05  85.00  +30.26  84.91  +4.29  +0.04  +0.15  -0.16
20211103T034000C0o  -30.22 -24.94  +12.12 -25.08 -17.03  +0.30  +0.09  -0.40
20211103T034025C0o  -30.23  15.03  +12.21  14.90 -16.03  -0.56  +0.10  -0.37
20211103T034039C0o  -30.21  35.02  +12.24  34.90 -12.29  -0.84  +0.09  -0.32
20211103T034053C0o  -30.15  55.01  +12.23  54.89  -6.87  -1.13  +0.11  -0.40
20211103T034107C0o  -29.93  75.00  +12.01  74.89  -0.51  -1.04  +0.10  -0.24
20211103T034125C0o  -10.23 -34.93 +352.46 -35.08 -15.44  -0.08  +0.01  -0.54
20211103T034154C0o  -10.25   5.03 +352.61   4.90 -17.77  -0.94  +0.05  -0.44
20211103T034208C0o  -10.24  25.02 +352.66  24.90 -15.51  -1.33  +0.07  -0.42
20211103T034222C0o  -10.21  45.01 +352.70  44.89 -11.28  -1.56  +0.03  -0.37
20211103T034236C0o  -10.11  65.01 +352.68  64.89  -5.57  -1.66  +0.01  -0.33
20211103T034250C0o   -9.22  85.00 +351.99  84.89  +0.94  -1.61  +0.09  -0.28
20211103T044721C0o -169.07  85.05 +167.64  85.15  +1.58  +8.57  +0.07  +0.30
20211103T044741C0o -128.93  85.04 +126.88  85.11  +4.53  +6.75  -0.02  +0.30
20211103T044758C0o -109.82  75.04 +108.39  75.07  +2.11  +5.34  -0.07  +0.31
20211103T044817C0o  -90.11  45.04  +89.03  45.02  -7.06  +3.72  -0.08  +0.29
20211103T044832C0o  -90.02  65.03  +88.87  65.02  -0.95  +3.72  -0.09  +0.35
20211103T044846C0o  -88.94  85.03  +86.88  85.02  +5.47  +3.82  -0.11  +0.55
20211103T044907C0o  -70.17  15.05  +69.37  14.99 -14.72  +2.54  -0.15  +0.39
20211103T044921C0o  -70.18  35.03  +69.39  34.98 -10.41  +2.36  -0.15  +0.46
20211103T044936C0o  -70.12  55.03  +69.31  54.98  -4.66  +2.15  -0.12  +0.40
20211103T044950C0o  -69.87  75.02  +68.89  74.98  +1.76  +2.17  -0.14  +0.47
20211103T045012C0o  -50.19 -14.94  +49.71 -15.03 -17.63  +1.73  -0.06  +0.33
20211103T045026C0o  -50.23   5.05  +49.77   4.96 -16.67  +1.37  -0.07  +0.38
20211103T045040C0o  -50.22  25.03  +49.78  24.95 -13.48  +1.05  -0.02  +0.40
20211103T045055C0o  -50.18  45.02  +49.75  44.95  -8.55  +0.85  -0.02  +0.45
20211103T045109C0o  -50.07  65.02  +49.61  64.94  -2.51  +0.55  -0.11  +0.27
20211103T045124C0o  -49.06  85.01  +47.91  84.95  +3.97  +0.58  -0.15  +0.38
20211103T045142C0o  -30.23 -24.93  +30.12 -25.06 -17.15  +1.03  -0.02  +0.33
20211103T045156C0o  -30.25  -4.95  +30.17  -5.07 -17.81  +0.66  -0.04  +0.43
20211103T045210C0o  -30.24  15.04  +30.20  14.93 -16.13  +0.22  -0.01  +0.41
20211103T045224C0o  -30.22  35.03  +30.21  34.92 -12.37  -0.05  -0.00  +0.48
20211103T045238C0o  -30.16  55.02  +30.17  54.92  -7.07  -0.60  -0.09  +0.13
20211103T045252C0o  -29.94  75.01  +29.88  74.92  -0.80  -0.53  -0.19  +0.26
20211103T045310C0o  -10.24 -34.92  +10.48 -35.07 -15.52  +0.64  -0.07  +0.18
20211103T045324C0o  -10.26 -14.94  +10.55 -15.08 -17.82  +0.31  -0.04  +0.34
20211103T045338C0o  -10.26   5.04  +10.60   4.92 -17.85  -0.13  -0.04  +0.37
20211103T045352C0o  -10.25  25.03  +10.63  24.91 -15.63  -0.53  -0.06  +0.37
20211103T045417C0o  -10.12  65.02  +10.57  64.90  -5.79  -1.22  -0.21  +0.12
20211103T045431C0o   -9.23  85.01   +9.54  84.90  +0.68  -1.07  -0.18  +0.26
Config parameters:
      "IH": "-0.005256"
      "ID": "+0.001275"
      "CH": "+0.000301"
      "NP": "+0.003484"
      "MA": "+0.000023"
      "ME": "-0.001393"
      "TF": "-0.000168"
      "FO": "+0.000118"
      "DAF": "+0.006312"
      "HHSH": "-0.000131"
      "HHCH": "+0.005064"
      "HHSH2": "+0.000000"
      "HHCH2": "+0.000000"
      "HDSD": "-0.000244"
      "HDCD": "-0.000216"
      "HDSD2": "+0.000000"
      "HDCD2": "+0.000000"
      "PXD": "+0.000000"
      "PXH": "+0.000000"
      "PXD2": "+0.000000"
      "PXDH": "+0.000000"
      "PXH2": "+0.000000"
      "PDD": "+0.000000"
      "PDH": "+0.000000"
      "PDD2": "+0.000000"
      "PDDH": "+0.000000"
      "PDH2": "+0.000000"
      "DICD": "+0.000000"
      "C0": "+0.000000"
      "C1": "+0.000000"
      "C2": "+0.000000"
      "C3": "+0.000000"
Fit:
IH     = -18.07
ID     =  +4.38
CH     =  +1.03
NP     = +11.98
MA     =  +0.08
ME     =  -4.79
TF     =  -0.58
FO     =  +0.40
DAF    = +21.70
HHSH   =  -0.45
HHCH   = +17.41
HDSD   =  -0.84
HDCD   =  -0.74
RMS residual = 0.38 am 22.7 as (with new model)
RMS residual = 0.39 am 23.7 as (with new model in restricted region)
