RMS residual = 2.46 am 147.4 as (without model)
n_pointings = 121
20211103T045502C0o   +9.80 -25.10 +350.88 -25.24 -14.76  -7.14
20211103T045517C0o   +9.73  -5.12 +351.01  -5.24 -16.94  -7.22
20211103T045530C0o   +9.72  14.87 +351.09  14.75 -17.15  -7.50
20211103T045544C0o   +9.70  34.87 +351.18  34.74 -15.51  -7.74
20211103T045558C0o   +9.65  54.86 +351.30  54.74 -11.98  -8.40
20211103T045612C0o   +9.43  74.85 +351.61  74.74  -7.08  -8.46
20211103T045630C0o  +29.71 -35.09 +331.28 -35.22 -12.58  -6.66
20211103T045644C0o  +29.72 -15.11 +331.38 -15.23 -16.17  -6.67
20211103T045659C0o  +29.72   4.88 +331.46   4.76 -17.88  -6.83
20211103T045714C0o  +29.71  24.87 +331.56  24.76 -17.64  -7.03
20211103T045728C0o  +29.67  44.86 +331.68  44.75 -15.38  -7.65
20211103T045742C0o  +29.56  64.86 +331.90  64.75 -11.33  -7.81
20211103T045757C0o  +28.59  84.85 +333.37  84.75  -6.07  -7.79
20211103T045814C0o  +49.71  -5.12 +311.76  -5.21 -17.72  -5.90
20211103T045829C0o  +49.70  14.87 +311.87  14.78 -18.84  -6.09
20211103T045843C0o  +49.68  34.87 +311.99  34.78 -17.86  -6.19
20211103T045858C0o  +49.61  54.86 +312.17  54.78 -14.88  -6.71
20211103T045912C0o  +49.38  74.85 +312.65  74.78 -10.19  -6.76
20211103T045929C0o  +69.69   4.88 +292.10   4.82 -19.03  -4.87
20211103T045943C0o  +69.67  24.87 +292.23  24.82 -19.30  -4.93
20211103T045958C0o  +69.64  44.86 +292.38  44.81 -17.42  -5.13
20211103T050013C0o  +69.52  64.86 +292.67  64.81 -13.58  -5.36
20211103T050027C0o  +68.45  84.86 +294.68  84.81  -8.34  -5.37
20211103T050045C0o  +89.59  54.87 +272.67  54.85 -16.10  -3.77
20211103T050113C0o +109.49  64.88 +252.94  64.89 -13.77  -2.24
20211103T050128C0o +108.41  84.87 +255.04  84.89  -8.25  -2.07
20211103T050143C0o +129.31  74.88 +233.35  74.93 -10.34  -0.76
20211103T050200C0o +148.50  84.88 +214.62  84.96  -5.94  +0.46
20211103T055348C0o   +4.79 -35.09  +10.64 -35.23 -13.13  -7.17
20211103T055402C0o   +4.73 -25.10  +10.76 -25.23 -14.79  -7.17
20211103T055415C0o   +4.73 -15.11  +10.81 -15.24 -16.02  -7.21
20211103T055428C0o   +4.73  -5.11  +10.86  -5.24 -16.80  -7.25
20211103T055442C0o   +4.73   4.88  +10.92   4.76 -17.06  -7.38
20211103T055455C0o   +4.72  14.88  +10.97  14.75 -16.87  -7.50
20211103T055508C0o   +4.71  24.87  +11.03  24.75 -16.15  -7.56
20211103T055521C0o   +4.70  34.87  +11.09  34.75 -14.98  -7.64
20211103T055535C0o   +4.68  44.86  +11.16  44.75 -13.49  -8.33
20211103T055548C0o   +4.64  54.86  +11.24  54.75 -11.51  -8.44
20211103T055601C0o   +4.58  64.86  +11.34  64.74  -9.15  -8.51
20211103T055614C0o   +4.43  74.85  +11.50  74.74  -6.58  -8.55
20211103T055627C0o   +3.67  84.85  +12.11  84.74  -3.83  -8.53
20211103T055645C0o  +14.73 -30.09   +1.42 -30.24 -13.93  -7.11
20211103T055658C0o  +14.72 -20.10   +1.49 -20.24 -15.54  -7.09
20211103T055712C0o  +14.72 -10.11   +1.55 -10.24 -16.71  -7.10
20211103T055725C0o  +14.72  -0.12   +1.61  -0.25 -17.39  -7.21
20211103T055739C0o  +14.72   9.88   +1.66   9.75 -17.55  -7.30
20211103T055752C0o  +14.71  19.87   +1.73  19.75 -17.21  -7.38
20211103T055806C0o  +14.70  29.87   +1.79  29.75 -16.44  -7.50
20211103T055819C0o  +14.68  39.87   +1.86  39.74 -15.17  -7.99
20211103T055832C0o  +14.66  49.86   +1.94  49.74 -13.41  -8.13
20211103T055845C0o  +14.61  59.86   +2.04  59.74 -11.30  -8.25
20211103T055858C0o  +14.51  69.86   +2.18  69.74  -8.85  -8.32
20211103T055911C0o  +14.22  79.85   +2.50  79.74  -6.15  -8.34
20211103T055929C0o  +24.71 -35.09 +352.10 -35.23 -12.62  -6.80
20211103T055943C0o  +24.71 -25.10 +352.18 -25.24 -14.57  -6.79
20211103T055956C0o  +24.71 -15.11 +352.23 -15.24 -16.06  -6.81
20211103T060009C0o  +24.71  -5.11 +352.29  -5.24 -17.16  -6.86
20211103T060023C0o  +24.71   4.88 +352.35   4.75 -17.70  -6.98
20211103T060036C0o  +24.71  14.88 +352.42  14.75 -17.75  -7.08
20211103T060050C0o  +24.70  24.87 +352.49  24.75 -17.32  -7.19
20211103T060104C0o  +24.69  34.87 +352.56  34.75 -16.42  -7.35
20211103T060117C0o  +24.66  44.86 +352.64  44.74 -15.01  -7.82
20211103T060131C0o  +24.63  54.86 +352.74  54.74 -13.15  -7.93
20211103T060144C0o  +24.56  64.86 +352.87  64.74 -10.91  -7.99
20211103T060158C0o  +24.40  74.85 +353.09  74.74  -8.40  -8.00
20211103T060211C0o  +23.59  84.85 +354.00  84.74  -5.65  -8.00
20211103T060229C0o  +34.71 -30.09 +342.85 -30.23 -13.65  -6.51
20211103T060243C0o  +34.70 -20.10 +342.93 -20.24 -15.52  -6.47
20211103T060257C0o  +34.71 -10.11 +342.99 -10.24 -16.94  -6.48
20211103T060310C0o  +34.71  -0.12 +343.06  -0.24 -17.85  -6.59
20211103T060324C0o  +34.71   9.88 +343.12   9.76 -18.29  -6.68
20211103T060338C0o  +34.70  19.87 +343.19  19.75 -18.21  -6.77
20211103T060351C0o  +34.69  29.87 +343.27  29.75 -17.59  -6.87
20211103T060616C0o  +34.67  39.87 +343.89  39.75 -16.51  -7.17
20211103T060629C0o  +34.64  49.87 +343.99  49.75 -14.88  -7.38
20211103T060643C0o  +34.59  59.87 +344.11  59.75 -12.87  -7.49
20211103T060656C0o  +34.49  69.86 +344.29  69.75 -10.50  -7.55
20211103T060709C0o  +34.17  79.86 +344.72  79.75  -7.79  -7.56
20211103T060727C0o  +44.70 -25.09 +334.09 -25.22 -14.64  -6.05
20211103T060740C0o  +44.69 -15.10 +334.18 -15.23 -16.40  -6.07
20211103T060753C0o  +44.69  -5.11 +334.24  -5.23 -17.66  -6.13
20211103T060807C0o  +44.69   4.89 +334.31   4.77 -18.46  -6.18
20211103T060820C0o  +44.69  14.88 +334.38  14.77 -18.70  -6.30
20211103T060834C0o  +44.68  24.88 +334.45  24.76 -18.46  -6.35
20211103T060847C0o  +44.67  34.87 +334.54  34.76 -17.65  -6.44
20211103T060900C0o  +44.64  44.87 +334.63  44.76 -16.37  -6.81
20211103T060914C0o  +44.61  54.87 +334.74  54.76 -14.60  -6.98
20211103T060926C0o  +44.54  64.87 +334.89  64.76 -12.41  -7.03
20211103T060939C0o  +44.37  74.86 +335.18  74.76  -9.90  -7.05
20211103T060952C0o  +43.51  84.86 +336.37  84.76  -7.14  -7.02
20211103T061010C0o  +54.70 -10.10 +324.79 -10.22 -17.22  -5.60
20211103T061024C0o  +54.69  -0.11 +324.88  -0.22 -18.28  -5.68
20211103T061038C0o  +54.69   9.88 +324.95   9.78 -18.91  -5.74
20211103T061102C0o  +54.67  29.88 +325.10  29.77 -18.51  -5.83
20211103T061115C0o  +54.65  39.87 +325.19  39.77 -17.55  -6.00
20211103T061129C0o  +54.62  49.87 +325.30  49.77 -16.02  -6.19
20211103T061142C0o  +54.57  59.87 +325.44  59.77 -14.10  -6.33
20211103T061156C0o  +54.46  69.87 +325.66  69.77 -11.74  -6.39
20211103T061209C0o  +54.13  79.86 +326.19  79.77  -9.08  -6.41
20211103T061226C0o  +64.69  -5.10 +315.37  -5.21 -18.02  -5.09
20211103T061240C0o  +64.68   4.89 +315.46   4.79 -18.90  -5.15
20211103T061253C0o  +64.67  14.88 +315.54  14.79 -19.32  -5.22
20211103T061308C0o  +64.67  24.88 +315.62  24.78 -19.17  -5.21
20211103T061321C0o  +64.65  34.88 +315.72  34.78 -18.47  -5.23
20211103T061334C0o  +64.63  44.87 +315.82  44.78 -17.23  -5.45
20211103T061348C0o  +64.59  54.87 +315.94  54.78 -15.52  -5.61
20211103T061401C0o  +64.52  64.87 +316.12  64.78 -13.35  -5.71
20211103T061414C0o  +64.34  74.87 +316.46  74.78 -10.86  -5.72
20211103T061428C0o  +63.45  84.86 +317.91  84.78  -8.10  -5.71
20211103T061445C0o  +74.67  19.89 +306.01  19.80 -19.58  -4.59
20211103T061458C0o  +74.65  29.88 +306.12  29.80 -19.18  -4.57
20211103T061512C0o  +74.63  39.88 +306.21  39.80 -18.23  -4.66
20211103T061526C0o  +74.60  49.87 +306.33  49.80 -16.71  -4.71
20211103T061539C0o  +74.55  59.87 +306.49  59.79 -14.78  -4.83
20211103T061553C0o  +74.44  69.87 +306.74  69.79 -12.46  -4.93
20211103T061606C0o  +74.10  79.87 +307.36  79.79  -9.78  -4.97
20211103T061622C0o  +84.64  34.88 +296.48  34.82 -18.93  -3.92
20211103T061635C0o  +84.61  44.88 +296.60  44.81 -17.71  -4.06
20211103T061648C0o  +84.57  54.88 +296.74  54.81 -15.99  -4.08
20211103T061701C0o  +84.49  64.87 +296.94  64.81 -13.85  -4.09
20211103T061714C0o  +84.32  74.87 +297.32  74.81 -11.28  -4.11
RMS residual = 16.45 am 987.0 as (with original model)
Fitting model ... done.
Residuals:
20211103T045502C0o   +9.80 -25.10 +350.88 -25.24 -14.76  -7.14  -0.09  -0.01
20211103T045517C0o   +9.73  -5.12 +351.01  -5.24 -16.94  -7.22  -0.03  +0.00
20211103T045530C0o   +9.72  14.87 +351.09  14.75 -17.15  -7.50  +0.04  -0.05
20211103T045544C0o   +9.70  34.87 +351.18  34.74 -15.51  -7.74  -0.04  +0.13
20211103T045558C0o   +9.65  54.86 +351.30  54.74 -11.98  -8.40  -0.02  -0.10
20211103T045612C0o   +9.43  74.85 +351.61  74.74  -7.08  -8.46  -0.01  +0.00
20211103T045630C0o  +29.71 -35.09 +331.28 -35.22 -12.58  -6.66  +0.08  -0.02
20211103T045644C0o  +29.72 -15.11 +331.38 -15.23 -16.17  -6.67  +0.06  +0.03
20211103T045659C0o  +29.72   4.88 +331.46   4.76 -17.88  -6.83  +0.09  -0.04
20211103T045714C0o  +29.71  24.87 +331.56  24.76 -17.64  -7.03  +0.03  +0.04
20211103T045728C0o  +29.67  44.86 +331.68  44.75 -15.38  -7.65  -0.02  -0.15
20211103T045742C0o  +29.56  64.86 +331.90  64.75 -11.33  -7.81  -0.00  -0.00
20211103T045757C0o  +28.59  84.85 +333.37  84.75  -6.07  -7.79  -0.10  -0.01
20211103T045814C0o  +49.71  -5.12 +311.76  -5.21 -17.72  -5.90  +0.04  -0.01
20211103T045829C0o  +49.70  14.87 +311.87  14.78 -18.84  -6.09  +0.01  -0.11
20211103T045843C0o  +49.68  34.87 +311.99  34.78 -17.86  -6.19  -0.03  +0.08
20211103T045858C0o  +49.61  54.86 +312.17  54.78 -14.88  -6.71  -0.06  -0.09
20211103T045912C0o  +49.38  74.85 +312.65  74.78 -10.19  -6.76  -0.01  -0.01
20211103T045929C0o  +69.69   4.88 +292.10   4.82 -19.03  -4.87  +0.03  -0.11
20211103T045943C0o  +69.67  24.87 +292.23  24.82 -19.30  -4.93  -0.01  -0.08
20211103T045958C0o  +69.64  44.86 +292.38  44.81 -17.42  -5.13  -0.04  -0.03
20211103T050013C0o  +69.52  64.86 +292.67  64.81 -13.58  -5.36  -0.02  -0.05
20211103T050027C0o  +68.45  84.86 +294.68  84.81  -8.34  -5.37  -0.00  -0.06
20211103T050045C0o  +89.59  54.87 +272.67  54.85 -16.10  -3.77  -0.04  -0.08
20211103T050113C0o +109.49  64.88 +252.94  64.89 -13.77  -2.24  -0.05  -0.05
20211103T050128C0o +108.41  84.87 +255.04  84.89  -8.25  -2.07  +0.09  +0.04
20211103T050143C0o +129.31  74.88 +233.35  74.93 -10.34  -0.76  -0.04  +0.04
20211103T050200C0o +148.50  84.88 +214.62  84.96  -5.94  +0.46  +0.08  +0.16
20211103T055348C0o   +4.79 -35.09  +10.64 -35.23 -13.13  -7.17  -0.15  -0.04
20211103T055402C0o   +4.73 -25.10  +10.76 -25.23 -14.79  -7.17  -0.09  +0.03
20211103T055415C0o   +4.73 -15.11  +10.81 -15.24 -16.02  -7.21  -0.04  +0.03
20211103T055428C0o   +4.73  -5.11  +10.86  -5.24 -16.80  -7.25  +0.00  +0.04
20211103T055442C0o   +4.73   4.88  +10.92   4.76 -17.06  -7.38  +0.08  -0.00
20211103T055455C0o   +4.72  14.88  +10.97  14.75 -16.87  -7.50  +0.09  +0.02
20211103T055508C0o   +4.71  24.87  +11.03  24.75 -16.15  -7.56  +0.14  +0.15
20211103T055521C0o   +4.70  34.87  +11.09  34.75 -14.98  -7.64  +0.15  +0.30
20211103T055535C0o   +4.68  44.86  +11.16  44.75 -13.49  -8.33  +0.04  -0.16
20211103T055548C0o   +4.64  54.86  +11.24  54.75 -11.51  -8.44  +0.04  -0.07
20211103T055601C0o   +4.58  64.86  +11.34  64.74  -9.15  -8.51  +0.06  +0.00
20211103T055614C0o   +4.43  74.85  +11.50  74.74  -6.58  -8.55  +0.02  -0.02
20211103T055627C0o   +3.67  84.85  +12.11  84.74  -3.83  -8.53  -0.10  -0.10
20211103T055645C0o  +14.73 -30.09   +1.42 -30.24 -13.93  -7.11  -0.13  -0.08
20211103T055658C0o  +14.72 -20.10   +1.49 -20.24 -15.54  -7.09  -0.12  -0.02
20211103T055712C0o  +14.72 -10.11   +1.55 -10.24 -16.71  -7.10  -0.10  +0.01
20211103T055725C0o  +14.72  -0.12   +1.61  -0.25 -17.39  -7.21  -0.09  -0.04
20211103T055739C0o  +14.72   9.88   +1.66   9.75 -17.55  -7.30  -0.04  -0.02
20211103T055752C0o  +14.71  19.87   +1.73  19.75 -17.21  -7.38  -0.02  +0.06
20211103T055806C0o  +14.70  29.87   +1.79  29.75 -16.44  -7.50  -0.05  +0.14
20211103T055819C0o  +14.68  39.87   +1.86  39.74 -15.17  -7.99  -0.07  -0.11
20211103T055832C0o  +14.66  49.86   +1.94  49.74 -13.41  -8.13  -0.03  -0.04
20211103T055845C0o  +14.61  59.86   +2.04  59.74 -11.30  -8.25  -0.03  +0.03
20211103T055858C0o  +14.51  69.86   +2.18  69.74  -8.85  -8.32  -0.01  +0.04
20211103T055911C0o  +14.22  79.85   +2.50  79.74  -6.15  -8.34  -0.02  -0.01
20211103T055929C0o  +24.71 -35.09 +352.10 -35.23 -12.62  -6.80  +0.09  -0.02
20211103T055943C0o  +24.71 -25.10 +352.18 -25.24 -14.57  -6.79  +0.08  +0.04
20211103T055956C0o  +24.71 -15.11 +352.23 -15.24 -16.06  -6.81  +0.11  +0.04
20211103T060009C0o  +24.71  -5.11 +352.29  -5.24 -17.16  -6.86  +0.07  +0.03
20211103T060023C0o  +24.71   4.88 +352.35   4.75 -17.70  -6.98  +0.11  -0.02
20211103T060036C0o  +24.71  14.88 +352.42  14.75 -17.75  -7.08  +0.11  -0.00
20211103T060050C0o  +24.70  24.87 +352.49  24.75 -17.32  -7.19  +0.08  +0.06
20211103T060104C0o  +24.69  34.87 +352.56  34.75 -16.42  -7.35  +0.03  +0.12
20211103T060117C0o  +24.66  44.86 +352.64  44.74 -15.01  -7.82  +0.01  -0.13
20211103T060131C0o  +24.63  54.86 +352.74  54.74 -13.15  -7.93  +0.01  -0.05
20211103T060144C0o  +24.56  64.86 +352.87  64.74 -10.91  -7.99  +0.02  +0.03
20211103T060158C0o  +24.40  74.85 +353.09  74.74  -8.40  -8.00  -0.02  +0.04
20211103T060211C0o  +23.59  84.85 +354.00  84.74  -5.65  -8.00  -0.09  -0.02
20211103T060229C0o  +34.71 -30.09 +342.85 -30.23 -13.65  -6.51  +0.03  -0.00
20211103T060243C0o  +34.70 -20.10 +342.93 -20.24 -15.52  -6.47  +0.00  +0.05
20211103T060257C0o  +34.71 -10.11 +342.99 -10.24 -16.94  -6.48  -0.02  +0.06
20211103T060310C0o  +34.71  -0.12 +343.06  -0.24 -17.85  -6.59  +0.00  -0.03
20211103T060324C0o  +34.71   9.88 +343.12   9.76 -18.29  -6.68  -0.01  -0.04
20211103T060338C0o  +34.70  19.87 +343.19  19.75 -18.21  -6.77  -0.04  +0.01
20211103T060351C0o  +34.69  29.87 +343.27  29.75 -17.59  -6.87  -0.04  +0.09
20211103T060616C0o  +34.67  39.87 +343.89  39.75 -16.51  -7.17  -0.08  -0.00
20211103T060629C0o  +34.64  49.87 +343.99  49.75 -14.88  -7.38  -0.04  -0.01
20211103T060643C0o  +34.59  59.87 +344.11  59.75 -12.87  -7.49  -0.03  +0.04
20211103T060656C0o  +34.49  69.86 +344.29  69.75 -10.50  -7.55  -0.03  +0.06
20211103T060709C0o  +34.17  79.86 +344.72  79.75  -7.79  -7.56  +0.02  +0.02
20211103T060727C0o  +44.70 -25.09 +334.09 -25.22 -14.64  -6.05  +0.03  +0.08
20211103T060740C0o  +44.69 -15.10 +334.18 -15.23 -16.40  -6.07  -0.01  +0.06
20211103T060753C0o  +44.69  -5.11 +334.24  -5.23 -17.66  -6.13  +0.00  -0.00
20211103T060807C0o  +44.69   4.89 +334.31   4.77 -18.46  -6.18  -0.03  -0.02
20211103T060820C0o  +44.69  14.88 +334.38  14.77 -18.70  -6.30  -0.03  -0.06
20211103T060834C0o  +44.68  24.88 +334.45  24.76 -18.46  -6.35  -0.07  +0.03
20211103T060847C0o  +44.67  34.87 +334.54  34.76 -17.65  -6.44  -0.06  +0.12
20211103T060900C0o  +44.64  44.87 +334.63  44.76 -16.37  -6.81  -0.08  -0.06
20211103T060914C0o  +44.61  54.87 +334.74  54.76 -14.60  -6.98  -0.07  -0.06
20211103T060926C0o  +44.54  64.87 +334.89  64.76 -12.41  -7.03  -0.03  +0.01
20211103T060939C0o  +44.37  74.86 +335.18  74.76  -9.90  -7.05  -0.02  +0.02
20211103T060952C0o  +43.51  84.86 +336.37  84.76  -7.14  -7.02  -0.03  +0.00
20211103T061010C0o  +54.70 -10.10 +324.79 -10.22 -17.22  -5.60  +0.03  +0.05
20211103T061024C0o  +54.69  -0.11 +324.88  -0.22 -18.28  -5.68  +0.07  -0.05
20211103T061038C0o  +54.69   9.88 +324.95   9.78 -18.91  -5.74  +0.01  -0.07
20211103T061102C0o  +54.67  29.88 +325.10  29.77 -18.51  -5.83  -0.02  +0.06
20211103T061115C0o  +54.65  39.87 +325.19  39.77 -17.55  -6.00  -0.06  +0.06
20211103T061129C0o  +54.62  49.87 +325.30  49.77 -16.02  -6.19  -0.02  +0.03
20211103T061142C0o  +54.57  59.87 +325.44  59.77 -14.10  -6.33  -0.04  +0.03
20211103T061156C0o  +54.46  69.87 +325.66  69.77 -11.74  -6.39  +0.01  +0.03
20211103T061209C0o  +54.13  79.86 +326.19  79.77  -9.08  -6.41  +0.04  -0.01
20211103T061226C0o  +64.69  -5.10 +315.37  -5.21 -18.02  -5.09  +0.02  +0.01
20211103T061240C0o  +64.68   4.89 +315.46   4.79 -18.90  -5.15  +0.04  -0.08
20211103T061253C0o  +64.67  14.88 +315.54  14.79 -19.32  -5.22  -0.01  -0.12
20211103T061308C0o  +64.67  24.88 +315.62  24.78 -19.17  -5.21  -0.03  -0.03
20211103T061321C0o  +64.65  34.88 +315.72  34.78 -18.47  -5.23  -0.03  +0.08
20211103T061334C0o  +64.63  44.87 +315.82  44.78 -17.23  -5.45  -0.01  +0.01
20211103T061348C0o  +64.59  54.87 +315.94  54.78 -15.52  -5.61  -0.00  -0.01
20211103T061401C0o  +64.52  64.87 +316.12  64.78 -13.35  -5.71  +0.05  -0.02
20211103T061414C0o  +64.34  74.87 +316.46  74.78 -10.86  -5.72  +0.06  -0.02
20211103T061428C0o  +63.45  84.86 +317.91  84.78  -8.10  -5.71  +0.10  -0.02
20211103T061445C0o  +74.67  19.89 +306.01  19.80 -19.58  -4.59  -0.02  -0.12
20211103T061458C0o  +74.65  29.88 +306.12  29.80 -19.18  -4.57  -0.04  -0.02
20211103T061512C0o  +74.63  39.88 +306.21  39.80 -18.23  -4.66  -0.04  +0.01
20211103T061526C0o  +74.60  49.87 +306.33  49.80 -16.71  -4.71  +0.02  +0.09
20211103T061539C0o  +74.55  59.87 +306.49  59.79 -14.78  -4.83  +0.04  +0.08
20211103T061553C0o  +74.44  69.87 +306.74  69.79 -12.46  -4.93  +0.06  +0.01
20211103T061606C0o  +74.10  79.87 +307.36  79.79  -9.78  -4.97  +0.12  -0.06
20211103T061622C0o  +84.64  34.88 +296.48  34.82 -18.93  -3.92  +0.01  -0.03
20211103T061635C0o  +84.61  44.88 +296.60  44.81 -17.71  -4.06  +0.02  -0.07
20211103T061648C0o  +84.57  54.88 +296.74  54.81 -15.99  -4.08  +0.03  +0.01
20211103T061701C0o  +84.49  64.87 +296.94  64.81 -13.85  -4.09  +0.05  +0.05
20211103T061714C0o  +84.32  74.87 +297.32  74.81 -11.28  -4.11  +0.11  +0.02
Config parameters:
      "IH": "-0.005214",
      "ID": "-0.000634",
      "CH": "-0.000137",
      "NP": "+0.002492",
      "MA": "+0.000094",
      "ME": "-0.001217",
      "TF": "-0.000388",
      "FO": "+0.000193",
      "DAF": "+0.005512",
      "HHSH": "+0.000084",
      "HHCH": "+0.005208",
      "HHSH2": "-0.000089",
      "HHCH2": "-0.000056",
      "HDSD": "-0.000124",
      "HDCD": "-0.000990",
      "HDSD2": "+0.000154",
      "HDCD2": "+0.000307",
      "PXD": "+0.000000",
      "PXH": "+0.000000",
      "PXD2": "+0.000000",
      "PXDH": "+0.000000",
      "PXH2": "+0.000000",
      "PDD": "+0.000000",
      "PDH": "+0.000000",
      "PDD2": "+0.000000",
      "PDDH": "+0.000000",
      "PDH2": "+0.000000",
      "DICD": "+0.000000",
      "C0": "+0.000000",
      "C1": "+0.000000",
      "C2": "+0.000000",
      "C3": "+0.000000"
Fit:
IH     = -17.92
ID     =  -2.18
CH     =  -0.47
NP     =  +8.57
MA     =  +0.32
ME     =  -4.19
TF     =  -1.33
FO     =  +0.66
DAF    = +18.95
HHSH   =  +0.29
HHCH   = +17.90
HHSH2  =  -0.31
HHCH2  =  -0.19
HDSD   =  -0.43
HDCD   =  -3.40
HDSD2  =  +0.53
HDCD2  =  +1.06
RMS residual = 0.09 am 5.4 as (with new model)
RMS residual = 0.10 am 5.7 as (with new model in restricted region)
