RMS residual = 3.59 am 215.4 as (without model)
n_pointings = 56
20211103T034321C0o   +9.80 -25.09 +332.89 -25.22 -15.01  -6.69
20211103T034335C0o   +9.73  -5.11 +333.04  -5.22 -17.17  -6.87
20211103T034400C0o   +9.70  34.88 +333.22  34.77 -15.59  -7.32
20211103T034414C0o   +9.65  54.87 +333.37  54.76 -12.06  -7.67
20211103T034428C0o   +9.43  74.86 +333.76  74.76  -7.18  -7.78
20211103T034446C0o  +29.72 -35.08 +313.28 -35.19 -12.87  -6.12
20211103T034500C0o  +29.72 -15.10 +313.39 -15.20 -16.42  -6.25
20211103T034514C0o  +29.72   4.89 +313.48   4.80 -18.13  -6.45
20211103T034528C0o  +29.70  24.88 +313.58  24.79 -17.83  -6.64
20211103T034542C0o  +29.67  44.87 +313.72  44.79 -15.52  -6.94
20211103T034555C0o  +29.56  64.87 +313.98  64.79 -11.47  -7.11
20211103T034609C0o  +28.59  84.86 +315.72  84.78  -6.20  -7.12
20211103T034627C0o  +49.72  -5.11 +293.76  -5.17 -17.98  -5.40
20211103T034641C0o  +49.70  14.88 +293.88  14.83 -19.06  -5.62
20211103T034655C0o  +49.68  34.88 +294.01  34.82 -18.05  -5.70
20211103T034710C0o  +49.62  54.87 +294.20  54.82 -15.05  -5.99
20211103T034724C0o  +49.38  74.86 +294.73  74.82 -10.38  -6.02
20211103T034743C0o  +69.70   4.89 +274.10   4.87 -19.30  -4.33
20211103T034757C0o  +69.67  24.88 +274.24  24.86 -19.58  -4.42
20211103T034811C0o  +69.64  44.88 +274.40  44.86 -17.63  -4.60
20211103T034825C0o  +69.53  64.87 +274.70  64.86 -13.75  -4.65
20211103T034840C0o  +68.47  84.87 +276.79  84.86  -8.54  -4.62
20211103T034856C0o  +89.59  54.88 +254.67  54.90 -16.37  -3.20
20211103T034910C0o  +89.33  74.87 +255.23  74.90 -11.61  -3.13
20211103T034928C0o +109.50  64.89 +234.91  64.94 -14.07  -1.66
20211103T034942C0o +108.41  84.88 +236.86  84.94  -8.50  -1.51
20211103T035000C0o +129.33  74.89 +215.25  74.97 -10.64  -0.17
20211103T035018C0o +148.50  84.89 +196.23  84.99  -6.16  +1.00
20211103T045502C0o   +9.80 -25.10 +350.88 -25.24 -14.76  -7.14
20211103T045517C0o   +9.73  -5.12 +351.01  -5.24 -16.94  -7.22
20211103T045530C0o   +9.72  14.87 +351.09  14.75 -17.15  -7.50
20211103T045544C0o   +9.70  34.87 +351.18  34.74 -15.51  -7.74
20211103T045558C0o   +9.65  54.86 +351.30  54.74 -11.98  -8.40
20211103T045612C0o   +9.43  74.85 +351.61  74.74  -7.08  -8.46
20211103T045630C0o  +29.71 -35.09 +331.28 -35.22 -12.58  -6.66
20211103T045644C0o  +29.72 -15.11 +331.38 -15.23 -16.17  -6.67
20211103T045659C0o  +29.72   4.88 +331.46   4.76 -17.88  -6.83
20211103T045714C0o  +29.71  24.87 +331.56  24.76 -17.64  -7.03
20211103T045728C0o  +29.67  44.86 +331.68  44.75 -15.38  -7.65
20211103T045742C0o  +29.56  64.86 +331.90  64.75 -11.33  -7.81
20211103T045757C0o  +28.59  84.85 +333.37  84.75  -6.07  -7.79
20211103T045814C0o  +49.71  -5.12 +311.76  -5.21 -17.72  -5.90
20211103T045829C0o  +49.70  14.87 +311.87  14.78 -18.84  -6.09
20211103T045843C0o  +49.68  34.87 +311.99  34.78 -17.86  -6.19
20211103T045858C0o  +49.61  54.86 +312.17  54.78 -14.88  -6.71
20211103T045912C0o  +49.38  74.85 +312.65  74.78 -10.19  -6.76
20211103T045929C0o  +69.69   4.88 +292.10   4.82 -19.03  -4.87
20211103T045943C0o  +69.67  24.87 +292.23  24.82 -19.30  -4.93
20211103T045958C0o  +69.64  44.86 +292.38  44.81 -17.42  -5.13
20211103T050013C0o  +69.52  64.86 +292.67  64.81 -13.58  -5.36
20211103T050027C0o  +68.45  84.86 +294.68  84.81  -8.34  -5.37
20211103T050045C0o  +89.59  54.87 +272.67  54.85 -16.10  -3.77
20211103T050113C0o +109.49  64.88 +252.94  64.89 -13.77  -2.24
20211103T050128C0o +108.41  84.87 +255.04  84.89  -8.25  -2.07
20211103T050143C0o +129.31  74.88 +233.35  74.93 -10.34  -0.76
20211103T050200C0o +148.50  84.88 +214.62  84.96  -5.94  +0.46
RMS residual = 15.73 am 943.8 as (with original model)
Fitting model ... done.
Residuals:
20211103T034321C0o   +9.80 -25.09 +332.89 -25.22 -15.01  -6.69  -0.17  +0.14
20211103T034335C0o   +9.73  -5.11 +333.04  -5.22 -17.17  -6.87  -0.12  +0.25
20211103T034400C0o   +9.70  34.88 +333.22  34.77 -15.59  -7.32  -0.04  +0.37
20211103T034414C0o   +9.65  54.87 +333.37  54.76 -12.06  -7.67  -0.02  +0.25
20211103T034428C0o   +9.43  74.86 +333.76  74.76  -7.18  -7.78  -0.04  +0.30
20211103T034446C0o  +29.72 -35.08 +313.28 -35.19 -12.87  -6.12  -0.13  +0.13
20211103T034500C0o  +29.72 -15.10 +313.39 -15.20 -16.42  -6.25  -0.13  +0.22
20211103T034514C0o  +29.72   4.89 +313.48   4.80 -18.13  -6.45  -0.11  +0.28
20211103T034528C0o  +29.70  24.88 +313.58  24.79 -17.83  -6.64  -0.11  +0.35
20211103T034542C0o  +29.67  44.87 +313.72  44.79 -15.52  -6.94  -0.11  +0.27
20211103T034555C0o  +29.56  64.87 +313.98  64.79 -11.47  -7.11  -0.08  +0.28
20211103T034609C0o  +28.59  84.86 +315.72  84.78  -6.20  -7.12  -0.15  +0.44
20211103T034627C0o  +49.72  -5.11 +293.76  -5.17 -17.98  -5.40  -0.15  +0.31
20211103T034641C0o  +49.70  14.88 +293.88  14.83 -19.06  -5.62  -0.13  +0.29
20211103T034655C0o  +49.68  34.88 +294.01  34.82 -18.05  -5.70  -0.14  +0.39
20211103T034710C0o  +49.62  54.87 +294.20  54.82 -15.05  -5.99  -0.14  +0.25
20211103T034724C0o  +49.38  74.86 +294.73  74.82 -10.38  -6.02  -0.11  +0.35
20211103T034743C0o  +69.70   4.89 +274.10   4.87 -19.30  -4.33  -0.09  +0.28
20211103T034757C0o  +69.67  24.88 +274.24  24.86 -19.58  -4.42  -0.13  +0.29
20211103T034811C0o  +69.64  44.88 +274.40  44.86 -17.63  -4.60  -0.09  +0.20
20211103T034825C0o  +69.53  64.87 +274.70  64.86 -13.75  -4.65  -0.05  +0.23
20211103T034840C0o  +68.47  84.87 +276.79  84.86  -8.54  -4.62  -0.13  +0.47
20211103T034856C0o  +89.59  54.88 +254.67  54.90 -16.37  -3.20  -0.11  +0.09
20211103T034910C0o  +89.33  74.87 +255.23  74.90 -11.61  -3.13  -0.07  +0.21
20211103T034928C0o +109.50  64.89 +234.91  64.94 -14.07  -1.66  -0.19  +0.09
20211103T034942C0o +108.41  84.88 +236.86  84.94  -8.50  -1.51  -0.06  +0.38
20211103T035000C0o +129.33  74.89 +215.25  74.97 -10.64  -0.17  -0.26  +0.22
20211103T035018C0o +148.50  84.89 +196.23  84.99  -6.16  +1.00  -0.05  +0.45
20211103T045502C0o   +9.80 -25.10 +350.88 -25.24 -14.76  -7.14  +0.09  -0.31
20211103T045517C0o   +9.73  -5.12 +351.01  -5.24 -16.94  -7.22  +0.10  -0.11
20211103T045530C0o   +9.72  14.87 +351.09  14.75 -17.15  -7.50  +0.14  -0.09
20211103T045544C0o   +9.70  34.87 +351.18  34.74 -15.51  -7.74  +0.05  -0.05
20211103T045558C0o   +9.65  54.86 +351.30  54.74 -11.98  -8.40  +0.06  -0.48
20211103T045612C0o   +9.43  74.85 +351.61  74.74  -7.08  -8.46  +0.07  -0.39
20211103T045630C0o  +29.71 -35.09 +331.28 -35.22 -12.58  -6.66  +0.16  -0.41
20211103T045644C0o  +29.72 -15.11 +331.38 -15.23 -16.17  -6.67  +0.12  -0.20
20211103T045659C0o  +29.72   4.88 +331.46   4.76 -17.88  -6.83  +0.14  -0.10
20211103T045714C0o  +29.71  24.87 +331.56  24.76 -17.64  -7.03  +0.08  -0.04
20211103T045728C0o  +29.67  44.86 +331.68  44.75 -15.38  -7.65  +0.04  -0.43
20211103T045742C0o  +29.56  64.86 +331.90  64.75 -11.33  -7.81  +0.07  -0.43
20211103T045757C0o  +28.59  84.85 +333.37  84.75  -6.07  -7.79  +0.00  -0.23
20211103T045814C0o  +49.71  -5.12 +311.76  -5.21 -17.72  -5.90  +0.11  -0.18
20211103T045829C0o  +49.70  14.87 +311.87  14.78 -18.84  -6.09  +0.09  -0.19
20211103T045843C0o  +49.68  34.87 +311.99  34.78 -17.86  -6.19  +0.07  -0.10
20211103T045858C0o  +49.61  54.86 +312.17  54.78 -14.88  -6.71  +0.05  -0.47
20211103T045912C0o  +49.38  74.85 +312.65  74.78 -10.19  -6.76  +0.10  -0.39
20211103T045929C0o  +69.69   4.88 +292.10   4.82 -19.03  -4.87  +0.18  -0.26
20211103T045943C0o  +69.67  24.87 +292.23  24.82 -19.30  -4.93  +0.16  -0.22
20211103T045958C0o  +69.64  44.86 +292.38  44.81 -17.42  -5.13  +0.14  -0.33
20211103T050013C0o  +69.52  64.86 +292.67  64.81 -13.58  -5.36  +0.14  -0.47
20211103T050027C0o  +68.45  84.86 +294.68  84.81  -8.34  -5.37  +0.13  -0.28
20211103T050045C0o  +89.59  54.87 +272.67  54.85 -16.10  -3.77  +0.18  -0.48
20211103T050113C0o +109.49  64.88 +252.94  64.89 -13.77  -2.24  +0.12  -0.50
20211103T050128C0o +108.41  84.87 +255.04  84.89  -8.25  -2.07  +0.25  -0.18
20211103T050143C0o +129.31  74.88 +233.35  74.93 -10.34  -0.76  +0.07  -0.37
20211103T050200C0o +148.50  84.88 +214.62  84.96  -5.94  +0.46  +0.19  -0.09
Config parameters:
      "IH": "-0.005080"
      "ID": "-0.001053"
      "CH": "-0.000202"
      "NP": "+0.001723"
      "MA": "+0.000085"
      "ME": "-0.001278"
      "TF": "-0.000321"
      "FO": "+0.000191"
      "DAF": "+0.003966"
      "HHSH": "-0.000042"
      "HHCH": "+0.003706"
      "HHSH2": "+0.000000"
      "HHCH2": "+0.000000"
      "HDSD": "+0.000023"
      "HDCD": "-0.000145"
      "HDSD2": "+0.000000"
      "HDCD2": "+0.000000"
      "PXD": "+0.000000"
      "PXH": "+0.000000"
      "PXD2": "+0.000000"
      "PXDH": "+0.000000"
      "PXH2": "+0.000000"
      "PDD": "+0.000000"
      "PDH": "+0.000000"
      "PDD2": "+0.000000"
      "PDDH": "+0.000000"
      "PDH2": "+0.000000"
      "DICD": "+0.000000"
      "C0": "+0.000000"
      "C1": "+0.000000"
      "C2": "+0.000000"
      "C3": "+0.000000"
Fit:
IH     = -17.46
ID     =  -3.62
CH     =  -0.70
NP     =  +5.92
MA     =  +0.29
ME     =  -4.39
TF     =  -1.10
FO     =  +0.66
DAF    = +13.63
HHSH   =  -0.15
HHCH   = +12.74
HDSD   =  +0.08
HDCD   =  -0.50
RMS residual = 0.33 am 19.7 as (with new model)
RMS residual = 0.30 am 18.2 as (with new model in restricted region)
