RMS residual = 2.73 am 163.7 as (without model)
n_pointings = 139
20211103T044721C0o -169.07  85.05 +167.64  85.15  +1.58  +8.57
20211103T044741C0o -128.93  85.04 +126.88  85.11  +4.53  +6.75
20211103T044758C0o -109.82  75.04 +108.39  75.07  +2.11  +5.34
20211103T044817C0o  -90.11  45.04  +89.03  45.02  -7.06  +3.72
20211103T044832C0o  -90.02  65.03  +88.87  65.02  -0.95  +3.72
20211103T044846C0o  -88.94  85.03  +86.88  85.02  +5.47  +3.82
20211103T044907C0o  -70.17  15.05  +69.37  14.99 -14.72  +2.54
20211103T044921C0o  -70.18  35.03  +69.39  34.98 -10.41  +2.36
20211103T044936C0o  -70.12  55.03  +69.31  54.98  -4.66  +2.15
20211103T044950C0o  -69.87  75.02  +68.89  74.98  +1.76  +2.17
20211103T045012C0o  -50.19 -14.94  +49.71 -15.03 -17.63  +1.73
20211103T045026C0o  -50.23   5.05  +49.77   4.96 -16.67  +1.37
20211103T045040C0o  -50.22  25.03  +49.78  24.95 -13.48  +1.05
20211103T045055C0o  -50.18  45.02  +49.75  44.95  -8.55  +0.85
20211103T045109C0o  -50.07  65.02  +49.61  64.94  -2.51  +0.55
20211103T045124C0o  -49.06  85.01  +47.91  84.95  +3.97  +0.58
20211103T045142C0o  -30.23 -24.93  +30.12 -25.06 -17.15  +1.03
20211103T045156C0o  -30.25  -4.95  +30.17  -5.07 -17.81  +0.66
20211103T045210C0o  -30.24  15.04  +30.20  14.93 -16.13  +0.22
20211103T045224C0o  -30.22  35.03  +30.21  34.92 -12.37  -0.05
20211103T045238C0o  -30.16  55.02  +30.17  54.92  -7.07  -0.60
20211103T045252C0o  -29.94  75.01  +29.88  74.92  -0.80  -0.53
20211103T045310C0o  -10.24 -34.92  +10.48 -35.07 -15.52  +0.64
20211103T045324C0o  -10.26 -14.94  +10.55 -15.08 -17.82  +0.31
20211103T045338C0o  -10.26   5.04  +10.60   4.92 -17.85  -0.13
20211103T045352C0o  -10.25  25.03  +10.63  24.91 -15.63  -0.53
20211103T045417C0o  -10.12  65.02  +10.57  64.90  -5.79  -1.22
20211103T045431C0o   -9.23  85.01   +9.54  84.90  +0.68  -1.07
20211103T052323C0o -174.11  85.06 +182.04  85.16  +0.98  +8.59
20211103T052339C0o -164.68  80.07 +172.52  80.16  +0.46  +8.38
20211103T052354C0o -154.03  85.06 +161.68  85.16  +2.77  +8.03
20211103T052409C0o -144.63  80.06 +152.40  80.15  +1.98  +7.57
20211103T052423C0o -134.83  75.06 +142.69  75.13  +1.06  +6.96
20211103T052436C0o -133.97  85.05 +141.41  85.14  +4.14  +7.02
20211103T052451C0o -124.93  70.06 +132.93  70.12  -0.00  +6.29
20211103T052504C0o -124.61  80.05 +132.44  80.12  +3.12  +6.38
20211103T052519C0o -114.99  65.05 +123.13  65.10  -1.24  +5.55
20211103T052533C0o -114.83  75.05 +122.88  75.10  +1.90  +5.67
20211103T052547C0o -113.93  85.04 +121.37  85.10  +5.03  +5.70
20211103T052602C0o -105.04  60.05 +113.37  60.08  -2.61  +4.78
20211103T052615C0o -104.95  70.04 +113.22  70.08  +0.54  +4.88
20211103T052628C0o -104.61  80.04 +112.66  80.08  +3.75  +4.95
20211103T052647C0o  -95.11  45.05 +103.68  45.06  -7.10  +4.08
20211103T052700C0o  -95.09  55.04 +103.67  55.06  -4.12  +3.99
20211103T052713C0o  -95.02  65.04 +103.58  65.06  -0.97  +4.09
20211103T052727C0o  -94.84  75.04 +103.29  75.06  +2.20  +4.19
20211103T052741C0o  -93.93  85.04 +101.67  85.06  +5.40  +4.18
20211103T052800C0o  -85.15  30.05  +94.06  30.05 -11.17  +3.48
20211103T052813C0o  -85.16  40.05  +94.10  40.04  -8.62  +3.40
20211103T052826C0o  -85.13  50.04  +94.08  50.04  -5.76  +3.38
20211103T052839C0o  -85.07  60.04  +94.02  60.04  -2.67  +3.31
20211103T052852C0o  -84.97  70.03  +93.86  70.04  +0.51  +3.39
20211103T052906C0o  -84.63  80.03  +93.27  80.04  +3.76  +3.43
20211103T052926C0o  -75.17  15.06  +84.48  15.03 -14.44  +2.88
20211103T052940C0o  -75.19  25.05  +84.53  25.03 -12.49  +2.75
20211103T052953C0o  -75.18  35.04  +84.54  35.02 -10.14  +2.72
20211103T053007C0o  -75.15  45.04  +84.54  45.02  -7.41  +2.62
20211103T053020C0o  -75.12  55.03  +84.51  55.02  -4.44  +2.50
20211103T053033C0o  -75.04  65.03  +84.41  65.02  -1.30  +2.56
20211103T053046C0o  -74.87  75.03  +84.13  75.02  +1.93  +2.60
20211103T053059C0o  -73.97  85.03  +82.48  85.02  +5.07  +2.50
20211103T053119C0o  -65.19   0.06  +75.00   0.01 -16.65  +2.43
20211103T053133C0o  -65.21  10.06  +75.05  10.01 -15.51  +2.24
20211103T053147C0o  -65.21  20.05  +75.08  20.01 -13.87  +2.11
20211103T053211C0o  -65.18  40.04  +75.10  40.00  -9.22  +1.93
20211103T053226C0o  -65.15  50.03  +75.09  50.00  -6.38  +1.87
20211103T053239C0o  -65.10  60.03  +75.04  60.00  -3.30  +1.77
20211103T053252C0o  -64.99  70.03  +74.88  70.00  -0.14  +1.75
20211103T053306C0o  -64.66  80.03  +74.31  80.00  +3.07  +1.71
20211103T053327C0o  -55.19 -14.92  +65.56 -15.00 -17.59  +2.03
20211103T053340C0o  -55.23  -4.94  +65.63  -5.00 -17.34  +1.92
20211103T053354C0o  -55.23   5.06  +65.66   4.99 -16.56  +1.68
20211103T053408C0o  -55.22  15.05  +65.70  14.99 -15.19  +1.56
20211103T053424C0o  -55.20  25.04  +65.72  24.99 -13.33  +1.40
20211103T053438C0o  -55.20  35.04  +65.75  34.98 -11.02  +1.34
20211103T053451C0o  -55.18  45.03  +65.75  44.98  -8.34  +1.20
20211103T053505C0o  -55.14  55.03  +65.72  54.98  -5.40  +1.03
20211103T053518C0o  -55.07  65.03  +65.64  64.98  -2.32  +0.96
20211103T053532C0o  -54.90  75.02  +65.37  74.98  +0.89  +0.95
20211103T053545C0o  -54.04  85.02  +63.82  84.98  +4.12  +0.90
20211103T053603C0o  -45.21 -19.92  +56.24 -20.01 -17.58  +1.59
20211103T053617C0o  -45.24  -9.93  +56.29 -10.02 -17.75  +1.46
20211103T053630C0o  -45.24   0.06  +56.33  -0.02 -17.31  +1.26
20211103T053643C0o  -45.23  10.05  +56.36   9.97 -16.31  +1.04
20211103T053657C0o  -45.23  20.04  +56.39  19.97 -14.76  +0.88
20211103T053710C0o  -45.22  30.04  +56.42  29.97 -12.69  +0.77
20211103T053723C0o  -45.20  40.03  +56.43  39.97 -10.29  +0.64
20211103T053736C0o  -45.17  50.03  +56.42  49.96  -7.53  +0.47
20211103T053749C0o  -45.12  60.03  +56.38  59.96  -4.52  +0.23
20211103T053803C0o  -45.02  70.02  +56.24  69.96  -1.34  +0.27
20211103T053816C0o  -44.71  80.02  +55.71  79.96  +1.89  +0.30
20211103T053834C0o  -35.22 -24.92  +46.88 -25.03 -17.20  +1.26
20211103T053847C0o  -35.24 -14.93  +46.93 -15.03 -17.72  +1.04
20211103T053902C0o  -35.24  -4.94  +46.98  -5.04 -17.74  +0.92
20211103T053916C0o  -35.24   5.05  +47.02   4.96 -17.15  +0.64
20211103T053929C0o  -35.24  15.05  +47.06  14.96 -15.98  +0.49
20211103T053943C0o  -35.23  25.04  +47.08  24.95 -14.26  +0.30
20211103T053958C0o  -35.21  35.03  +47.11  34.95 -12.10  +0.22
20211103T054011C0o  -35.20  45.03  +47.12  44.95  -9.59  -0.02
20211103T054024C0o  -35.16  55.03  +47.10  54.95  -6.75  -0.33
20211103T054039C0o  -35.09  65.02  +47.03  64.95  -3.70  -0.32
20211103T054412C0o  -34.88  75.02  +47.58  74.95  -0.45  -0.27
20211103T054426C0o  -34.12  85.02  +46.25  84.95  +2.77  -0.24
20211103T054444C0o  -25.23 -29.92  +38.43 -30.04 -16.63  +0.92
20211103T054457C0o  -25.25 -19.93  +38.49 -20.04 -17.57  +0.77
20211103T054511C0o  -25.25  -9.94  +38.53 -10.05 -17.97  +0.59
20211103T054524C0o  -25.26   0.05  +38.58  -0.05 -17.79  +0.38
20211103T054538C0o  -25.25  10.05  +38.61   9.95 -17.00  +0.13
20211103T054551C0o  -25.24  20.04  +38.65  19.94 -15.67  -0.05
20211103T054604C0o  -25.23  30.04  +38.68  29.94 -13.85  -0.16
20211103T054618C0o  -25.22  40.03  +38.70  39.94 -11.60  -0.37
20211103T054631C0o  -25.19  50.03  +38.70  49.94  -8.99  -0.66
20211103T054646C0o  -25.14  60.02  +38.67  59.93  -6.04  -0.80
20211103T054711C0o  -24.75  80.02  +38.11  79.94  +0.31  -0.68
20211103T054729C0o  -15.23 -34.91  +29.12 -35.04 -15.75  +0.71
20211103T054743C0o  -15.26 -24.93  +29.19 -25.05 -17.07  +0.64
20211103T054757C0o  -15.26 -14.94  +29.23 -15.05 -17.88  +0.43
20211103T054810C0o  -15.26  -4.94  +29.28  -5.06 -18.13  +0.25
20211103T054824C0o  -15.26   5.05  +29.32   4.94 -17.83  -0.03
20211103T054838C0o  -15.25  15.04  +29.36  14.93 -16.88  -0.20
20211103T054852C0o  -15.24  25.04  +29.40  24.93 -15.43  -0.42
20211103T054917C0o  -15.21  45.03  +29.44  44.92 -11.12  -0.95
20211103T054930C0o  -15.18  55.03  +29.44  54.92  -8.41  -1.11
20211103T054944C0o  -15.12  65.02  +29.39  64.92  -5.39  -1.08
20211103T054957C0o  -14.97  75.02  +29.21  74.92  -2.24  -0.99
20211103T055010C0o  -14.21  85.02  +28.07  84.92  +1.04  -0.94
20211103T055029C0o   -5.24 -39.90  +19.86 -40.05 -14.58  +0.62
20211103T055043C0o   -5.27 -29.92  +19.94 -30.06 -16.32  +0.60
20211103T055056C0o   -5.27 -19.93  +19.99 -20.06 -17.57  +0.41
20211103T055110C0o   -5.27  -9.94  +20.04 -10.06 -18.24  +0.24
20211103T055125C0o   -5.26   0.05  +20.08  -0.07 -18.35  -0.02
20211103T055138C0o   -5.27  10.05  +20.14   9.93 -17.89  -0.26
20211103T055154C0o   -5.24  20.04  +20.18  19.92 -16.82  -0.45
20211103T055207C0o   -5.25  30.04  +20.22  29.92 -15.18  -0.56
20211103T055220C0o   -5.23  40.03  +20.25  39.92 -13.16  -1.03
20211103T055234C0o   -5.21  50.03  +20.27  49.92 -10.69  -1.18
20211103T055247C0o   -5.16  60.02  +20.25  59.91  -7.86  -1.29
20211103T055300C0o   -5.07  70.02  +20.18  69.91  -4.79  -1.21
20211103T055316C0o   -4.79  80.02  +19.83  79.92  -1.55  -1.12
RMS residual = 11.68 am 700.8 as (with original model)
Fitting model ... done.
Residuals:
20211103T044721C0o -169.07  85.05 +167.64  85.15  +1.58  +8.57  +0.23  +0.04
20211103T044741C0o -128.93  85.04 +126.88  85.11  +4.53  +6.75  +0.21  -0.05
20211103T044758C0o -109.82  75.04 +108.39  75.07  +2.11  +5.34  +0.07  +0.01
20211103T044817C0o  -90.11  45.04  +89.03  45.02  -7.06  +3.72  +0.05  -0.03
20211103T044832C0o  -90.02  65.03  +88.87  65.02  -0.95  +3.72  +0.08  +0.06
20211103T044846C0o  -88.94  85.03  +86.88  85.02  +5.47  +3.82  +0.08  +0.16
20211103T044907C0o  -70.17  15.05  +69.37  14.99 -14.72  +2.54  -0.05  -0.04
20211103T044921C0o  -70.18  35.03  +69.39  34.98 -10.41  +2.36  -0.03  +0.08
20211103T044936C0o  -70.12  55.03  +69.31  54.98  -4.66  +2.15  +0.02  +0.08
20211103T044950C0o  -69.87  75.02  +68.89  74.98  +1.76  +2.17  +0.02  +0.14
20211103T045012C0o  -50.19 -14.94  +49.71 -15.03 -17.63  +1.73  -0.03  -0.02
20211103T045026C0o  -50.23   5.05  +49.77   4.96 -16.67  +1.37  -0.02  -0.07
20211103T045040C0o  -50.22  25.03  +49.78  24.95 -13.48  +1.05  +0.04  -0.03
20211103T045055C0o  -50.18  45.02  +49.75  44.95  -8.55  +0.85  +0.07  +0.10
20211103T045109C0o  -50.07  65.02  +49.61  64.94  -2.51  +0.55  +0.02  -0.03
20211103T045124C0o  -49.06  85.01  +47.91  84.95  +3.97  +0.58  +0.02  -0.01
20211103T045142C0o  -30.23 -24.93  +30.12 -25.06 -17.15  +1.03  +0.04  +0.03
20211103T045156C0o  -30.25  -4.95  +30.17  -5.07 -17.81  +0.66  +0.02  +0.00
20211103T045210C0o  -30.24  15.04  +30.20  14.93 -16.13  +0.22  +0.07  -0.05
20211103T045224C0o  -30.22  35.03  +30.21  34.92 -12.37  -0.05  +0.11  +0.09
20211103T045238C0o  -30.16  55.02  +30.17  54.92  -7.07  -0.60  +0.05  -0.16
20211103T045252C0o  -29.94  75.01  +29.88  74.92  -0.80  -0.53  -0.00  -0.03
20211103T045310C0o  -10.24 -34.92  +10.48 -35.07 -15.52  +0.64  +0.07  -0.04
20211103T045324C0o  -10.26 -14.94  +10.55 -15.08 -17.82  +0.31  +0.11  -0.02
20211103T045338C0o  -10.26   5.04  +10.60   4.92 -17.85  -0.13  +0.13  -0.06
20211103T045352C0o  -10.25  25.03  +10.63  24.91 -15.63  -0.53  +0.13  -0.03
20211103T045417C0o  -10.12  65.02  +10.57  64.90  -5.79  -1.22  +0.04  -0.13
20211103T045431C0o   -9.23  85.01   +9.54  84.90  +0.68  -1.07  +0.11  -0.07
20211103T052323C0o -174.11  85.06 +182.04  85.16  +0.98  +8.59  +0.08  -0.00
20211103T052339C0o -164.68  80.07 +172.52  80.16  +0.46  +8.38  -0.08  +0.00
20211103T052354C0o -154.03  85.06 +161.68  85.16  +2.77  +8.03  +0.16  -0.09
20211103T052409C0o -144.63  80.06 +152.40  80.15  +1.98  +7.57  +0.00  -0.09
20211103T052423C0o -134.83  75.06 +142.69  75.13  +1.06  +6.96  -0.10  -0.12
20211103T052436C0o -133.97  85.05 +141.41  85.14  +4.14  +7.02  +0.12  -0.10
20211103T052451C0o -124.93  70.06 +132.93  70.12  -0.00  +6.29  -0.14  -0.12
20211103T052504C0o -124.61  80.05 +132.44  80.12  +3.12  +6.38  +0.05  -0.09
20211103T052519C0o -114.99  65.05 +123.13  65.10  -1.24  +5.55  -0.14  -0.12
20211103T052533C0o -114.83  75.05 +122.88  75.10  +1.90  +5.67  -0.02  -0.05
20211103T052547C0o -113.93  85.04 +121.37  85.10  +5.03  +5.70  +0.05  -0.02
20211103T052602C0o -105.04  60.05 +113.37  60.08  -2.61  +4.78  -0.08  -0.11
20211103T052615C0o -104.95  70.04 +113.22  70.08  +0.54  +4.88  -0.02  -0.03
20211103T052628C0o -104.61  80.04 +112.66  80.08  +3.75  +4.95  +0.07  -0.00
20211103T052647C0o  -95.11  45.05 +103.68  45.06  -7.10  +4.08  -0.07  -0.07
20211103T052700C0o  -95.09  55.04 +103.67  55.06  -4.12  +3.99  -0.03  -0.10
20211103T052713C0o  -95.02  65.04 +103.58  65.06  -0.97  +4.09  +0.02  +0.02
20211103T052727C0o  -94.84  75.04 +103.29  75.06  +2.20  +4.19  +0.00  +0.09
20211103T052741C0o  -93.93  85.04 +101.67  85.06  +5.40  +4.18  +0.04  +0.10
20211103T052800C0o  -85.15  30.05  +94.06  30.05 -11.17  +3.48  -0.01  -0.03
20211103T052813C0o  -85.16  40.05  +94.10  40.04  -8.62  +3.40  -0.01  +0.00
20211103T052826C0o  -85.13  50.04  +94.08  50.04  -5.76  +3.38  -0.00  +0.07
20211103T052839C0o  -85.07  60.04  +94.02  60.04  -2.67  +3.31  +0.02  +0.06
20211103T052852C0o  -84.97  70.03  +93.86  70.04  +0.51  +3.39  -0.00  +0.15
20211103T052906C0o  -84.63  80.03  +93.27  80.04  +3.76  +3.43  +0.03  +0.15
20211103T052926C0o  -75.17  15.06  +84.48  15.03 -14.44  +2.88  +0.08  -0.07
20211103T052940C0o  -75.19  25.05  +84.53  25.03 -12.49  +2.75  +0.08  -0.06
20211103T052953C0o  -75.18  35.04  +84.54  35.02 -10.14  +2.72  +0.07  +0.06
20211103T053007C0o  -75.15  45.04  +84.54  45.02  -7.41  +2.62  +0.08  +0.08
20211103T053020C0o  -75.12  55.03  +84.51  55.02  -4.44  +2.50  +0.06  +0.04
20211103T053033C0o  -75.04  65.03  +84.41  65.02  -1.30  +2.56  +0.04  +0.14
20211103T053046C0o  -74.87  75.03  +84.13  75.02  +1.93  +2.60  +0.02  +0.16
20211103T053059C0o  -73.97  85.03  +82.48  85.02  +5.07  +2.50  -0.04  +0.08
20211103T053119C0o  -65.19   0.06  +75.00   0.01 -16.65  +2.43  +0.08  -0.03
20211103T053133C0o  -65.21  10.06  +75.05  10.01 -15.51  +2.24  +0.07  -0.07
20211103T053147C0o  -65.21  20.05  +75.08  20.01 -13.87  +2.11  +0.05  -0.04
20211103T053211C0o  -65.18  40.04  +75.10  40.00  -9.22  +1.93  +0.03  +0.09
20211103T053226C0o  -65.15  50.03  +75.09  50.00  -6.38  +1.87  +0.03  +0.15
20211103T053239C0o  -65.10  60.03  +75.04  60.00  -3.30  +1.77  +0.01  +0.11
20211103T053252C0o  -64.99  70.03  +74.88  70.00  -0.14  +1.75  -0.05  +0.11
20211103T053306C0o  -64.66  80.03  +74.31  80.00  +3.07  +1.71  -0.09  +0.04
20211103T053327C0o  -55.19 -14.92  +65.56 -15.00 -17.59  +2.03  -0.04  -0.01
20211103T053340C0o  -55.23  -4.94  +65.63  -5.00 -17.34  +1.92  -0.04  +0.02
20211103T053354C0o  -55.23   5.06  +65.66   4.99 -16.56  +1.68  -0.06  -0.06
20211103T053408C0o  -55.22  15.05  +65.70  14.99 -15.19  +1.56  -0.04  -0.01
20211103T053424C0o  -55.20  25.04  +65.72  24.99 -13.33  +1.40  -0.03  +0.01
20211103T053438C0o  -55.20  35.04  +65.75  34.98 -11.02  +1.34  -0.01  +0.12
20211103T053451C0o  -55.18  45.03  +65.75  44.98  -8.34  +1.20  -0.01  +0.13
20211103T053505C0o  -55.14  55.03  +65.72  54.98  -5.40  +1.03  -0.02  +0.07
20211103T053518C0o  -55.07  65.03  +65.64  64.98  -2.32  +0.96  -0.10  +0.05
20211103T053532C0o  -54.90  75.02  +65.37  74.98  +0.89  +0.95  -0.14  +0.03
20211103T053545C0o  -54.04  85.02  +63.82  84.98  +4.12  +0.90  -0.11  -0.02
20211103T053603C0o  -45.21 -19.92  +56.24 -20.01 -17.58  +1.59  -0.07  +0.02
20211103T053617C0o  -45.24  -9.93  +56.29 -10.02 -17.75  +1.46  -0.10  +0.04
20211103T053630C0o  -45.24   0.06  +56.33  -0.02 -17.31  +1.26  -0.09  +0.01
20211103T053643C0o  -45.23  10.05  +56.36   9.97 -16.31  +1.04  -0.08  -0.03
20211103T053657C0o  -45.23  20.04  +56.39  19.97 -14.76  +0.88  -0.05  +0.00
20211103T053710C0o  -45.22  30.04  +56.42  29.97 -12.69  +0.77  +0.01  +0.08
20211103T053723C0o  -45.20  40.03  +56.43  39.97 -10.29  +0.64  -0.01  +0.12
20211103T053736C0o  -45.17  50.03  +56.42  49.96  -7.53  +0.47  -0.04  +0.10
20211103T053749C0o  -45.12  60.03  +56.38  59.96  -4.52  +0.23  -0.07  -0.06
20211103T053803C0o  -45.02  70.02  +56.24  69.96  -1.34  +0.27  -0.10  +0.00
20211103T053816C0o  -44.71  80.02  +55.71  79.96  +1.89  +0.30  -0.12  +0.00
20211103T053834C0o  -35.22 -24.92  +46.88 -25.03 -17.20  +1.26  +0.01  +0.07
20211103T053847C0o  -35.24 -14.93  +46.93 -15.03 -17.72  +1.04  +0.03  +0.01
20211103T053902C0o  -35.24  -4.94  +46.98  -5.04 -17.74  +0.92  -0.01  +0.06
20211103T053916C0o  -35.24   5.05  +47.02   4.96 -17.15  +0.64  -0.02  -0.03
20211103T053929C0o  -35.24  15.05  +47.06  14.96 -15.98  +0.49  -0.01  +0.01
20211103T053943C0o  -35.23  25.04  +47.08  24.95 -14.26  +0.30  +0.03  +0.03
20211103T053958C0o  -35.21  35.03  +47.11  34.95 -12.10  +0.22  +0.05  +0.14
20211103T054011C0o  -35.20  45.03  +47.12  44.95  -9.59  -0.02  +0.01  +0.06
20211103T054024C0o  -35.16  55.03  +47.10  54.95  -6.75  -0.33  -0.03  -0.12
20211103T054039C0o  -35.09  65.02  +47.03  64.95  -3.70  -0.32  -0.08  -0.04
20211103T054412C0o  -34.88  75.02  +47.58  74.95  -0.45  -0.27  -0.07  +0.01
20211103T054426C0o  -34.12  85.02  +46.25  84.95  +2.77  -0.24  -0.06  -0.00
20211103T054444C0o  -25.23 -29.92  +38.43 -30.04 -16.63  +0.92  -0.01  +0.01
20211103T054457C0o  -25.25 -19.93  +38.49 -20.04 -17.57  +0.77  +0.01  +0.01
20211103T054511C0o  -25.25  -9.94  +38.53 -10.05 -17.97  +0.59  -0.00  +0.01
20211103T054524C0o  -25.26   0.05  +38.58  -0.05 -17.79  +0.38  -0.00  -0.01
20211103T054538C0o  -25.25  10.05  +38.61   9.95 -17.00  +0.13  +0.02  -0.06
20211103T054551C0o  -25.24  20.04  +38.65  19.94 -15.67  -0.05  +0.04  -0.03
20211103T054604C0o  -25.23  30.04  +38.68  29.94 -13.85  -0.16  +0.05  +0.07
20211103T054618C0o  -25.22  40.03  +38.70  39.94 -11.60  -0.37  +0.03  +0.06
20211103T054631C0o  -25.19  50.03  +38.70  49.94  -8.99  -0.66  -0.02  -0.09
20211103T054646C0o  -25.14  60.02  +38.67  59.93  -6.04  -0.80  -0.02  -0.12
20211103T054711C0o  -24.75  80.02  +38.11  79.94  +0.31  -0.68  -0.08  -0.02
20211103T054729C0o  -15.23 -34.91  +29.12 -35.04 -15.75  +0.71  -0.02  -0.04
20211103T054743C0o  -15.26 -24.93  +29.19 -25.05 -17.07  +0.64  +0.03  +0.05
20211103T054757C0o  -15.26 -14.94  +29.23 -15.05 -17.88  +0.43  +0.03  +0.01
20211103T054810C0o  -15.26  -4.94  +29.28  -5.06 -18.13  +0.25  +0.03  +0.02
20211103T054824C0o  -15.26   5.05  +29.32   4.94 -17.83  -0.03  -0.01  -0.05
20211103T054838C0o  -15.25  15.04  +29.36  14.93 -16.88  -0.20  +0.03  -0.01
20211103T054852C0o  -15.24  25.04  +29.40  24.93 -15.43  -0.42  +0.04  -0.01
20211103T054917C0o  -15.21  45.03  +29.44  44.92 -11.12  -0.95  +0.02  -0.16
20211103T054930C0o  -15.18  55.03  +29.44  54.92  -8.41  -1.11  -0.02  -0.18
20211103T054944C0o  -15.12  65.02  +29.39  64.92  -5.39  -1.08  -0.03  -0.08
20211103T054957C0o  -14.97  75.02  +29.21  74.92  -2.24  -0.99  -0.08  +0.00
20211103T055010C0o  -14.21  85.02  +28.07  84.92  +1.04  -0.94  -0.00  -0.03
20211103T055029C0o   -5.24 -39.90  +19.86 -40.05 -14.58  +0.62  -0.06  -0.09
20211103T055043C0o   -5.27 -29.92  +19.94 -30.06 -16.32  +0.60  -0.05  +0.06
20211103T055056C0o   -5.27 -19.93  +19.99 -20.06 -17.57  +0.41  -0.05  +0.05
20211103T055110C0o   -5.27  -9.94  +20.04 -10.06 -18.24  +0.24  -0.05  +0.06
20211103T055125C0o   -5.26   0.05  +20.08  -0.07 -18.35  -0.02  -0.05  -0.00
20211103T055138C0o   -5.27  10.05  +20.14   9.93 -17.89  -0.26  -0.08  -0.03
20211103T055154C0o   -5.24  20.04  +20.18  19.92 -16.82  -0.45  -0.05  -0.00
20211103T055207C0o   -5.25  30.04  +20.22  29.92 -15.18  -0.56  +0.01  +0.10
20211103T055220C0o   -5.23  40.03  +20.25  39.92 -13.16  -1.03  -0.03  -0.16
20211103T055234C0o   -5.21  50.03  +20.27  49.92 -10.69  -1.18  -0.06  -0.16
20211103T055247C0o   -5.16  60.02  +20.25  59.91  -7.86  -1.29  -0.06  -0.16
20211103T055300C0o   -5.07  70.02  +20.18  69.91  -4.79  -1.21  -0.08  -0.05
20211103T055316C0o   -4.79  80.02  +19.83  79.92  -1.55  -1.12  -0.05  -0.01
Config parameters:
      "IH": "-0.004540",
      "ID": "+0.001463",
      "CH": "+0.000228",
      "NP": "+0.001727",
      "MA": "-0.000013",
      "ME": "-0.001426",
      "TF": "-0.000215",
      "FO": "+0.000203",
      "DAF": "+0.003018",
      "HHSH": "+0.000530",
      "HHCH": "+0.001508",
      "HHSH2": "-0.000304",
      "HHCH2": "+0.000038",
      "HDSD": "-0.000209",
      "HDCD": "-0.000491",
      "HDSD2": "+0.000023",
      "HDCD2": "+0.000129",
      "PXD": "+0.000000",
      "PXH": "+0.000000",
      "PXD2": "+0.000000",
      "PXDH": "+0.000000",
      "PXH2": "+0.000000",
      "PDD": "+0.000000",
      "PDH": "+0.000000",
      "PDD2": "+0.000000",
      "PDDH": "+0.000000",
      "PDH2": "+0.000000",
      "DICD": "+0.000000",
      "C0": "+0.000000",
      "C1": "+0.000000",
      "C2": "+0.000000",
      "C3": "+0.000000"
Fit:
IH     = -15.61
ID     =  +5.03
CH     =  +0.78
NP     =  +5.94
MA     =  -0.05
ME     =  -4.90
TF     =  -0.74
FO     =  +0.70
DAF    = +10.38
HHSH   =  +1.82
HHCH   =  +5.18
HHSH2  =  -1.05
HHCH2  =  +0.13
HDSD   =  -0.72
HDCD   =  -1.69
HDSD2  =  +0.08
HDCD2  =  +0.44
RMS residual = 0.10 am 6.1 as (with new model)
RMS residual = 0.09 am 5.5 as (with new model in restricted region)
