20211103T044721C0o 168.42158744235866 85.11922671076181 168.90014726616158 85.02110717662468 -169.0733593749625 168.11504226101556 85.05369140578124 180.0 167.93951 +85.00905 2000.0
20211103T044741C0o 127.70166031764916 85.07550883965472 128.88346519512532 85.01158297913558 -128.93364257808753 128.05930893572355 85.04265136671873 180.0 127.74264 +84.99401 2000.0
20211103T044758C0o 108.45222035288157 75.03919695184955 109.0760035189467 75.00879329318612 -109.81531982418126 109.01329611580536 75.03690429640625 180.0 108.52539 +74.97835 2000.0
20211103T044817C0o 88.83369416541424 44.997951023867216 89.19589307957658 45.01118488997912 -90.11244628902502 89.38976838915016 45.038005370624994 180.0  88.86121 +44.96284 2000.0
20211103T044832C0o 88.77444229006603 64.99797289813984 89.2652999347991 65.00376138499541 -90.02301513668124 89.36010459257056 65.02958007765623 180.0  88.83192 +64.96186 2000.0
20211103T044846C0o 87.70564832331684 84.99690190593718 89.17000720456082 84.99840089156692 -88.94311279293125 88.34134836531122 85.02611083937498 180.0  87.91478 +84.96092 2000.0
20211103T044907C0o 69.12487251882344 14.956983525615389 69.41218490267508 15.013285495720519 -70.17432861324376 69.65889991248159 15.045876464374986 180.0  69.11772 +14.94718 2000.0
20211103T044921C0o 69.16232634567582 34.95710667544451 69.50063415072749 35.006044509831824 -70.17980224605625 69.72480521264251 35.03337158156252 180.0  69.17482 +34.94505 2000.0
20211103T044936C0o 69.14001503917696 54.957144516514944 69.55575691314401 55.00060001941348 -70.11818603511874 69.72367080661793 55.025168456562476 180.0  69.17262 +54.94591 2000.0
20211103T044950C0o 68.93849642591663 74.95700369767583 69.58573787775728 74.99556054255919 -69.87118652339998 69.53673528939103 75.02020263624999 180.0  69.00260 +74.94544 2000.0
20211103T045012C0o 49.44804166482031 -15.078840343578419 49.68523052069031 -14.979813972303106 -50.19462646480625 49.951006568246406 -14.935729980937511 180.0  49.40949 -15.06366 2000.0
20211103T045026C0o 49.50592201252249 4.921279805984365 49.78187956982837 5.010537249764058 -50.22805419918127 50.04469884475069 5.046159667499977 180.0  49.48994  +4.93406 2000.0
20211103T045040C0o 49.5308903725603 24.921348593710864 49.842820189309215 25.004855505234218 -50.215314941368746 50.09102502729527 25.03353515578123 180.0  49.53125 +24.93259 2000.0
20211103T045055C0o 49.53999431168764 44.9214033523723 49.89934389906351 45.000139685165735 -50.177043456993744 50.112775754796814 45.02440429640623 180.0  49.55218 +44.93152 2000.0
20211103T045109C0o 49.49365916130741 64.92141401731162 49.95014298755275 64.99522451436532 -50.0695605468375 50.06526492683154 65.01799804640625 180.0  49.51001 +64.93501 2000.0
20211103T045124C0o 48.706836698530786 84.92082475532641 49.91047191657684 84.98882001483429 -49.05709960933752 49.1136242155922 85.01309570265626 180.0  48.65880 +84.93537 2000.0
20211103T045142C0o 29.842352795367297 -25.10532839736165 30.084282724459406 -24.980016510517547 -30.226528320274998 30.358922577767537 -24.931213379375023 180.0  29.80150 -25.07372 2000.0
20211103T045156C0o 29.893260954511263 -5.1052621777802285 30.161758509710122 -4.989680045375664 -30.2490234374625 30.438640600136985 -4.950163574687485 180.0  29.87206  -5.07681 2000.0
20211103T045210C0o 29.929988540568857 14.894788354593516 30.220727241289485 15.005196902962204 -30.239594726525 30.489309313991996 15.036479491718742 180.0  29.92037 +14.92246 2000.0
20211103T045224C0o 29.962863028711094 34.89483736826444 30.279441074687465 35.001104296492784 -30.218559570274984 30.52566000673059 35.02642578078123 180.0  29.95764 +34.92093 2000.0
20211103T045238C0o 29.976686534246625 54.89487574282319 30.335521405384213 54.99674001288559 -30.15882324214999 30.5266686998312 55.018852538593734 180.0  29.96285 +54.92694 2000.0
20211103T045252C0o 29.89726172481938 74.89486552204379 30.385207927569574 74.99082009459306 -29.93843505855624 30.36409253059086 75.01268066359374 180.0  29.82514 +74.92559 2000.0
20211103T045310C0o 10.19759747001455 -35.11961299569459 10.459249542596119 -34.97533610037508 -10.237780761681245 10.73834692939555 -34.92179443406252 180.0  10.16057 -35.07667 2000.0
20211103T045324C0o 10.262744815500367 -15.119586332330147 10.534946215810486 -14.988470503812229 -10.26360107418126 10.822447201610037 -14.944521484843756 180.0  10.24271 -15.08084 2000.0
20211103T045338C0o 10.312807598062214 4.880434391606274 10.592791764387908 5.006165906011881 -10.261323242150016 10.877133234613282 5.0411352534374885 180.0  10.29847  +4.91754 2000.0
20211103T045352C0o 10.362195249337788 24.880455074267342 10.650476389291489 25.002534820759884 -10.245700683556256 10.920927071459236 25.030219726093737 180.0  10.34534 +24.91702 2000.0
#20211103T045403C0o 10.40910352621939 44.88047558059194 10.709315251945156 44.998913721295985 -10.198681640587505 10.921350060942 25.03024414015625 180.0  10.37670 +44.92112 2000.0
20211103T045417C0o 10.431154217564867 64.88048914097641 10.757150976276764 64.99409440027588 -10.116965331993743 10.898197819679783 65.01502441359372 180.0  10.34470 +64.92171 2000.0
20211103T045431C0o 10.285755649982931 84.88047189445707 10.814369484957037 84.98574202479308 -9.230085449181255 10.070797003607112 85.0081274409375 180.0   9.66968 +84.92072 2000.0
20211103T045502C0o 350.5880172997972 -25.119996669349433 350.8803527717207 -24.984781331726403 9.797648925818748 351.1720732087043 -25.103037108906243 0.0 350.60805 -25.11918 2000.0
20211103T045517C0o 350.7243802578576 -5.1200416811947544 351.00726228564866 -4.992094970585566 9.731914062537497 351.296957069703 -5.116584472187491 0.0 350.73055  -5.12417 2000.0
20211103T045530C0o 350.79070461801507 14.879937194011358 351.0662463093593 15.00420013202266 9.723134765662497 351.3638157786592 14.873481445781259 0.0 350.79253 +14.87416 2000.0
20211103T045544C0o 350.85710000995664 34.87991641625133 351.12493264372137 35.001157250221794 9.700734863318749 351.4443995417469 34.86559326218751 0.0 350.86153 +34.87329 2000.0
20211103T045558C0o 350.92848635460035 54.879895030808946 351.18496127970405 54.99744694613114 9.645358886756249 351.55744130138527 54.858393555156255 0.0 350.95389 +54.88081 2000.0
20211103T045612C0o 351.02856811071325 74.87986914651708 351.2533569017695 74.9915434266119 9.428813476599998 351.8316148907837 74.8511108403125 0.0 351.15446 +74.88047 2000.0
20211103T045630C0o 330.9749938447951 -35.106478600487755 331.3132619119764 -34.972447179078316 29.71238769535 331.62250648983223 -35.09046386671874 0.0 331.02799 -35.11353 2000.0
20211103T045644C0o 331.0767235059608 -15.106569650635382 331.3786559997745 -14.988144658923582 29.717180175818754 331.67880581213717 -15.112060546406243 0.0 331.09775 -15.11929 2000.0
20211103T045659C0o 331.15831018678693 4.893357710360648 331.4368681261759 5.006620372579377 29.717443847693747 331.7391492851563 4.8768359379687585 0.0 331.16149  +4.87734 2000.0
20211103T045714C0o 331.24089972548853 24.893284849431577 331.49730677726603 25.003564443966706 29.706267089881248 331.81351106349393 24.868642578593754 0.0 331.23307 +24.87548 2000.0
20211103T045728C0o 331.33522130206757 44.89320473823524 331.5629066727362 45.000602520016116 29.666440429725 331.91226946121196 44.86142089890627 0.0 331.32280 +44.88144 2000.0
20211103T045742C0o 331.46021446591504 64.89311149163846 331.6305444125524 64.9964710008075 29.563710937537497 332.0749000067243 64.85506835984377 0.0 331.45988 +64.88195 2000.0
20211103T045757C0o 332.0444434291715 84.89278589517336 331.7876833485425 84.98916826136536 28.58542236331875 333.114326342495 84.8475122075 0.0 332.23728 +84.88101 2000.0
20211103T045814C0o 311.448819399334 -5.080711102710329 311.7473775027085 -4.9879487561364115 49.71448974613125 312.0576399173035 -5.1174047846874915 0.0 311.46260  -5.11188 2000.0
20211103T045829C0o 311.55372682379044 14.919148115659793 311.8168780166179 15.007154804914478 49.698112793006246 312.13475353671197 14.872583008281259 0.0 311.54670 +14.88607 2000.0
20211103T045843C0o 311.6534970057228 34.91902108157623 311.8783269512738 35.00407368609385 49.675217285193746 312.21763783662027 34.86522705125001 0.0 311.63000 +34.88328 2000.0
20211103T045858C0o 311.77889585483604 54.91887467894587 311.9438884081424 55.00089047945826 49.614853515662496 312.3375308078349 54.859333496562506 0.0 311.74142 +54.88916 2000.0
20211103T045912C0o 312.04637015883804 74.9186155480454 312.03336756727793 74.99636319612198 49.37527587894375 312.63794120718075 74.85352783250002 0.0 311.99920 +74.88840 2000.0
20211103T045929C0o 291.77978783002095 4.954621635147217 292.07136046459914 5.017098189938067 69.6916259766 292.39310720793304 4.882785645000008 0.0 291.78322  +4.90152 2000.0
20211103T045943C0o 291.8943905049972 24.95443808943211 292.13715194162086 25.010151558992927 69.67217529300625 292.4727764775133 24.87176513718751 0.0 291.87545 +24.89819 2000.0
20211103T045958C0o 292.01415201241775 44.95426158207794 292.1987285979002 45.0062125681275 69.63623291019375 292.5687368960523 44.864909668437505 0.0 291.97437 +44.89849 2000.0
20211103T050013C0o 292.20353967974677 64.95401562350446 292.2734399817964 65.0026020387548 69.524624023475 292.7411492991414 64.85980957078125 0.0 292.13761 +64.90060 2000.0
20211103T050027C0o 293.2981929152245 84.95288040194306 292.48931172216663 84.99807501278121 68.454702148475 293.8701867494455 84.85528564500001 0.0 293.11557 +84.89962 2000.0
20211103T050045C0o 272.2558638465822 54.99510147110619 272.3952449350266 55.01121950422114 89.59150146488125 272.8085259199978 54.868891602031255 0.0 272.20227 +54.91561 2000.0
#20211103T050057C0o 272.61086396928937 74.99464533755497 272.50320514941194 75.00625932520002 89.57106689456874 272.8791725884588 54.94854980515627 0.0 272.51440 +74.91333 2000.0
20211103T050113C0o 252.4561360359215 65.03661845520132 252.5401997406629 65.01882171470123 109.49482177738126 253.02547147809443 64.876584473125 0.0 252.39963 +64.93178 2000.0
20211103T050128C0o 253.61157077180084 85.03537894507222 252.7423935288362 85.0102050371499 108.40588134769376 254.17317234396995 84.8685717778125 0.0 253.48743 +84.92831 2000.0
20211103T050143C0o 232.69801628191368 75.07375114243281 232.6818022666649 75.02311095289527 129.3140551758187 233.33001770872343 74.88233642625 0.0 232.68294 +74.94572 2000.0
20211103T050200C0o 213.16338610302785 85.10206135028946 212.76440583101254 85.0203106978044 148.4981054687875 214.2167565286597 84.88163085984375 0.0 213.49062 +84.95577 2000.0
20211103T052323C0o 182.8191265896746 85.12142579455023 182.96681399746703 85.02205264605124 -174.11295654293127 182.18878091344317 85.06265136671874 180.0 182.22968 +85.01892 2000.0
20211103T052339C0o 172.74803442958597 80.12065971566788 173.05350714170334 80.02688578253921 -164.6796093749625 172.82084149991522 80.06659423781251 180.0 172.55978 +80.02077 2000.0
20211103T052354C0o 162.4827851148836 85.11616627098788 163.04052923324488 85.01882395676367 -154.0339843749625 162.23819261525662 85.0589477534375 180.0 162.21184 +85.02241 2000.0
20211103T052409C0o 152.6462843215666 80.10827842913088 153.14266711047625 80.02084340716269 -144.6312499999625 152.89747339478774 80.05989257765624 180.0 152.59132 +80.02117 2000.0
20211103T052423C0o 142.74987580713974 75.09713566989676 143.21564713834948 75.02176355761294 -134.82940917965 143.15519938001435 75.05955322218747 180.0 142.75809 +75.01889 2000.0
20211103T052436C0o 142.23462186559468 85.09684639246089 143.1705203729834 85.01329088772071 -133.9684082030875 142.35003001420245 85.05245117140625 180.0 142.20880 +85.01902 2000.0
20211103T052451C0o 132.89435156703203 70.08316267187702 133.3377837142209 70.02083730318955 -124.92696289058752 133.37052882998523 70.0576391596875 180.0 132.92705 +70.01507 2000.0
20211103T052504C0o 132.6955822269836 80.08305792336094 133.3627189442298 80.01278020552063 -124.61087158199373 133.1102440594252 80.05052978468751 180.0 132.74268 +80.01453 2000.0
20211103T052519C0o 123.03850740457881 65.0667304621159 123.46518048169337 65.01788955087325 -114.9931005859 123.55468041054962 65.053688964375 180.0 123.07893 +65.01002 2000.0
20211103T052533C0o 122.93906434840521 75.06669797714396 123.50911384561601 75.01109740422984 -114.82749755855625 123.44668885258179 75.04748535109374 180.0 122.99918 +75.00860 2000.0
20211103T052547C0o 122.20245140788762 85.06609734597548 123.43791547294806 85.00653783738683 -113.93271484371249 122.6079341120877 85.04447753859374 180.0 122.33520 +85.00908 2000.0
20211103T052602C0o 113.23969999539727 60.04843543193601 113.65318838981632 60.013714132767724 -105.04330078121251 113.78201842401543 60.048737792500006 180.0 113.28162 +60.00381 2000.0
20211103T052615C0o 113.18938445038253 70.04844800347269 113.70508665365699 70.00849423759237 -104.94520751949374 113.73911334752631 70.0436840815625 180.0 113.24990 +70.00231 2000.0
20211103T052628C0o 112.91690693742437 80.04823708889516 113.7127434827967 80.00466110083468 -104.6091699218375 113.4590786567483 80.04091308546876 180.0 113.02294 +80.00206 2000.0
20211103T052647C0o 103.48889830351618 45.02877081461146 103.84033959964088 45.01487660257508 -95.10682373043124 104.03340848595423 45.05014160109374 180.0 103.51474 +44.99597 2000.0
20211103T052700C0o 103.51432599194887 55.028875380589206 103.9157849721287 55.009580252048 -95.09026855465 104.07399265540708 55.04373779250001 180.0 103.55278 +54.99649 2000.0
20211103T052713C0o 103.48611716771437 65.02890453541539 103.96445790175027 65.00561612513165 -95.01989990230626 104.05817712034272 65.03980712843749 180.0 103.54164 +64.99491 2000.0
20211103T052727C0o 103.35373891721362 75.02882539865236 103.99532068286186 75.0024242141645 -94.84112060543126 103.93626141340384 75.03722656203124 180.0 103.43598 +74.99375 2000.0
20211103T052741C0o 102.49508332340258 85.02799939279025 103.91613905033972 84.99970501356493 -93.93356933589999 103.08637592697708 85.03592773390625 180.0 102.69757 +84.99448 2000.0
20211103T052800C0o 93.83942720127676 30.008511663107758 94.15277201488145 30.015342899639105 -85.1454052734 94.3779629444582 30.052297362812475 180.0  93.84962 +29.98747 2000.0
20211103T052813C0o 93.88676840405165 40.00864546995948 94.23393307744293 40.01027960361057 -85.1553320312125 94.44239268461337 40.04532958937501 180.0  93.90774 +39.98702 2000.0
20211103T052826C0o 93.898707418034 50.00871600743077 94.28730808382018 50.00637964226254 -85.12584960933751 94.46888392336234 50.04041747999999 180.0  93.93097 +49.98645 2000.0
20211103T052839C0o 93.88871771284778 60.00876422195126 94.33723992274066 60.00315522317109 -85.07450927730625 94.47200896984181 60.03662109328125 180.0  93.93459 +59.98707 2000.0
20211103T052852C0o 93.82036723549166 70.00874993966522 94.37760327072408 70.00034522974303 -84.96582275386875 94.41768337099609 70.03380371046875 180.0  93.88506 +69.98563 2000.0
20211103T052906C0o 93.51984828718105 80.00848954913573 94.38381136699662 79.99778782379978 -84.62797119136876 94.1360603331093 80.03219726515624 180.0  93.63245 +79.98576 2000.0
20211103T052926C0o 84.23197146391291 14.98811030826964 84.51523850383926 15.016411994862596 -75.16737792965 84.75997280211703 15.056997069843723 180.0  84.22753 +14.98071 2000.0
20211103T052940C0o 84.29275611320185 24.98826403578603 84.60308772104058 25.01142525068096 -75.18977539058749 84.83873666137742 25.049204101093753 180.0  84.29871 +24.98025 2000.0
20211103T052953C0o 84.32065595784896 34.988352860811396 84.66001836504893 35.00756374003179 -75.1766503905875 84.88230813135056 35.043063964375 180.0  84.33662 +34.97848 2000.0
20211103T053007C0o 84.34116350748324 44.988434498894094 84.7155051364783 45.00433375558378 -75.15385498043125 84.91620501237874 45.038127440937494 180.0  84.36731 +44.97848 2000.0
20211103T053020C0o 84.34572225128957 54.98849885250651 84.76795854693233 55.00147450552311 -75.11620849605626 84.93355869670866 55.034260253437495 180.0  84.38227 +54.97954 2000.0
20211103T053033C0o 84.31345763718643 64.98852223456107 84.81347624872483 64.99882869116067 -75.04323974605626 84.91500518765682 65.03138915968748 180.0  84.36375 +64.97835 2000.0
20211103T053046C0o 84.17644375896334 74.9884355470758 84.84519646730456 74.99628022120142 -74.86761962886877 84.79405099661575 75.02925048781249 180.0  84.24937 +74.97813 2000.0
20211103T053059C0o 83.30247254631307 84.98757029438192 84.77676250489905 84.99370337540842 -73.974555664025 83.95672254356056 85.02791992140624 180.0  83.44824 +84.98013 2000.0
20211103T053119C0o 74.73870432785039 -0.031717053983522044 74.99413794601158 0.018893563751849165 -65.18500732418126 75.25114514162662 0.06469970656248873 180.0  74.71813  -0.02634 2000.0
20211103T053133C0o 74.80158512965278 9.968432991295995 75.08167926225441 10.013484258406729 -65.21267333980626 75.33468872153395 10.055458983906234 180.0  74.79206  +9.97305 2000.0
20211103T053147C0o 74.83704690824422 19.968528251420263 75.14092876053984 20.009459267771508 -65.20597412105626 75.3870424041926 20.04821777296875 180.0  74.83723 +19.97210 2000.0
#20211103T053158C0o 74.87081250989135 29.96862315867661 75.20006421789527 30.006166752191902 -65.15938232418124 75.38541504455017 20.048276366718746 180.0  74.88019 +29.97044 2000.0
20211103T053211C0o 74.88452272813244 39.96868278365325 75.24355906926009 40.00327183372226 -65.18002197261876 75.46185705486256 40.03717285109373 180.0  74.90231 +39.97036 2000.0
20211103T053226C0o 74.89909219884056 49.968755126511866 75.29696514985363 50.00059902377898 -65.14537597652499 75.48774299866542 50.03322997999997 180.0  74.92465 +49.97015 2000.0
20211103T053239C0o 74.89600504222841 59.96881384622476 75.35187430521682 59.99802269865886 -65.09733886715 75.4964692067247 60.02992675734375 180.0  74.93061 +59.97127 2000.0
20211103T053252C0o 74.83290931136852 69.96880657981721 75.39551517020999 69.99543029628497 -64.99242187496252 75.44514019484717 70.02713378859376 180.0  74.87557 +69.97141 2000.0
20211103T053306C0o 74.54493009232849 79.96856676086253 75.40939115875051 79.99268983343852 -64.66239746090001 75.17258101625903 80.02547119093748 180.0  74.60214 +79.97289 2000.0
20211103T053327C0o 65.29693406208108 -15.050570676235024 65.52411345023032 -14.97628532853617 -55.190312499962495 65.78783869921018 -14.924467773906246 180.0  65.25712 -15.03257 2000.0
20211103T053340C0o 65.36452527277719 -5.050420944019836 65.6172697142331 -4.983215852834776 -55.22541503902499 65.88033962365915 -4.935495605937519 180.0  65.33742  -5.03473 2000.0
20211103T053354C0o 65.40266263998208 4.949671408986073 65.677445905718 5.012137193182532 -55.225380859337506 65.93802136202144 5.055664062031244 180.0  65.38623  +4.96523 2000.0
20211103T053408C0o 65.440514651102 14.949763841899198 65.73646079595363 15.00858192481749 -55.222895507775014 65.99145117857604 15.048508300312513 180.0  65.43353 +14.96377 2000.0
20211103T053424C0o 65.47441593989508 24.9498505964391 65.79256105688053 25.00559460145195 -55.20343749996251 66.0384161971267 25.04255371046873 180.0  65.47527 +24.96349 2000.0
20211103T053438C0o 65.51453148448189 34.949953217918136 65.85798691015792 35.00291410283378 -55.19648437496248 66.09033631721253 35.03735839796873 180.0  65.52280 +34.96203 2000.0
20211103T053451C0o 65.5402168574876 44.95003502599886 65.9152832436007 45.00037594677394 -55.17701660152501 66.12643275418633 45.032788085468766 180.0  65.55481 +44.96246 2000.0
20211103T053505C0o 65.54831165224795 54.950096563361136 65.96756020036713 54.99786120039977 -55.13718017574374 66.14376074111406 55.02917968703126 180.0  65.56763 +54.96419 2000.0
20211103T053518C0o 65.52589589143892 64.95012988574739 66.01766391255794 64.99525555608363 -55.06740966793126 66.13011430662976 65.02624023390622 180.0  65.54680 +64.96512 2000.0
20211103T053532C0o 65.40674430979317 74.95006888826158 66.05631867755284 74.9924129721555 -54.89791015621252 66.01724859096171 75.02386718703124 180.0  65.42500 +74.96564 2000.0
20211103T053545C0o 64.61797986599882 84.94935761348563 66.01589279462394 84.98909672035069 -54.040270996056236 65.21399960428954 85.021579589375 180.0  64.59954 +84.96677 2000.0
20211103T053603C0o 55.96734012357625 -20.067832595588037 56.19363679908613 -19.9775799306519 -45.21234619136873 56.46221602478006 -19.92322509812501 180.0  55.92403 -20.03996 2000.0
20211103T053617C0o 56.023830623011854 -10.067716399479941 56.27326336991303 -9.984045356078557 -45.23597167964999 56.54323989845032 -9.934187012187515 180.0  55.99331 -10.04212 2000.0
20211103T053630C0o 56.06352301040149 -0.06763072714481073 56.3327459824937 0.01162453682482971 -45.2386132812125 56.60093180628775 0.05710937453124431 180.0  56.04323  -0.04321 2000.0
20211103T053643C0o 56.10069939996557 9.932450567093134 56.388631929248135 10.008313124706877 -45.2346386718375 56.6524127798759 10.050036620624995 180.0  56.08854  +9.95687 2000.0
20211103T053657C0o 56.137132946612205 19.932531615255506 56.44426069307735 20.005527856235755 -45.22556640621249 56.70085588466821 20.043613280781262 180.0  56.13198 +19.95591 2000.0
20211103T053710C0o 56.172613960382364 29.932613334815837 56.5010094352908 30.003011785990363 -45.21518554683748 56.74604341186726 30.038105468281238 180.0  56.17353 +29.95480 2000.0
20211103T053723C0o 56.201729703370845 39.93268818096111 56.555693326056016 40.00060459707053 -45.19905273433751 56.7845180330092 40.03350341749997 180.0  56.20692 +39.95491 2000.0
20211103T053736C0o 56.2210134914091 49.932753811025556 56.6088363395513 49.998184985948576 -45.17001708980627 56.81131399398736 50.029455565937496 180.0  56.22837 +49.95612 2000.0
20211103T053749C0o 56.22256899312861 59.93280487492221 56.66143465823536 59.99563381228424 -45.12228271480627 56.81759376467135 60.02600585890624 180.0  56.22825 +59.95940 2000.0
20211103T053803C0o 56.17381319787053 69.93280928145879 56.707027392883475 69.99279709001848 -45.01899902340001 56.7692726433998 70.02340576124999 180.0  56.17070 +69.95897 2000.0
20211103T053816C0o 55.93465068930197 79.93264590948453 56.73440619732066 79.98942958274816 -44.70624023433751 56.51320196674217 80.02061523390624 180.0  55.89446 +79.95889 2000.0
20211103T053834C0o 46.6042358691727 -25.083348404142296 46.83050081057939 -24.977486179045673 -35.222700195275 47.1027489821762 -24.920766602031247 180.0  46.56013 -25.04764 2000.0
20211103T053847C0o 46.66015134266837 -15.083248410786677 46.907305802073836 -14.98409986670521 -35.24399658199374 47.18160669809267 -14.932119141093727 180.0  46.62859 -15.04868 2000.0
20211103T053902C0o 46.70191221194709 -5.0831714275895346 46.966573344888836 -4.988392541625585 -35.24404785152501 47.241174635613376 -4.940817871562511 180.0  46.67974  -5.05099 2000.0
20211103T053916C0o 46.74567925806891 4.916908364752722 47.02653618580198 5.0084039208817135 -35.24047363277501 47.29844153447728 5.051635741718754 180.0  46.73072  +4.94948 2000.0
20211103T053929C0o 46.79068660026782 14.916990540870982 47.08776845750789 15.00575510604518 -35.24104980465 47.35426856026701 15.045344237812483 180.0  46.78151 +14.94844 2000.0
20211103T053943C0o 46.827543381863485 24.917061386855476 47.1421147053804 25.003381917489435 -35.22929931636876 47.399415089603686 25.039641112812497 180.0  46.82263 +24.94833 2000.0
20211103T053958C0o 46.86367746384793 34.917133629882976 47.198575269538196 35.00111455790987 -35.209960937462505 47.44207515535082 35.0346704096875 180.0  46.86121 +34.94706 2000.0
20211103T054011C0o 46.89913338199724 44.91720944158068 47.25976752312525 44.998826017101436 -35.19664550777498 47.482798938816636 45.03032226515623 180.0  46.89633 +44.94909 2000.0
20211103T054024C0o 46.9154623590098 54.91726443416609 47.312403583291335 54.99639281293082 -35.15940917965 47.50089702984 55.02664794874998 180.0  46.90802 +54.95303 2000.0
20211103T054039C0o 46.90669086247527 64.91730028498498 47.36359021234474 64.9936631229992 -35.085922851524984 47.48950941887426 65.02358398390625 180.0  46.88707 +64.95248 2000.0
20211103T054412C0o 47.599866256372636 74.91849841134977 48.19173958654247 74.99035482237724 -34.87554443355625 48.16756090348847 75.02044433546874 180.0  47.54667 +74.95305 2000.0
20211103T054426C0o 47.02922431044614 84.91813565169676 48.24795402070968 84.98612451048155 -34.11887695308751 47.47023043468574 85.0174145503125 180.0  46.77592 +84.95343 2000.0
20211103T054444C0o 38.15160753074122 -30.095456217073433 38.379481348189756 -29.976095690750224 -25.228840331993755 38.65487689423328 -29.91702880906253 180.0  38.10682 -30.05180 2000.0
20211103T054457C0o 38.20973312823201 -20.09536921470464 38.45627808848189 -19.98346583125649 -25.254914550743777 38.73579669284333 -19.929094238749975 180.0  38.17756 -20.05382 2000.0
20211103T054511C0o 38.251423277192735 -10.095304997717705 38.51320474868697 -9.987991280134713 -25.253881835899982 38.793687360663455 -9.938261719218767 180.0  38.22771 -10.05543 2000.0
20211103T054524C0o 38.29644264440458 -0.09523686852907731 38.571986773076645 0.008772655356072169 -25.256608886681246 38.85147307530253 0.05412109328124837 180.0  38.27947  -0.05627 2000.0
20211103T054538C0o 38.33822823398424 9.90482708319552 38.62724011749223 10.006181668117204 -25.25027587886876 38.902049616220545 10.047224120625007 180.0  38.32535  +9.94369 2000.0
20211103T054551C0o 38.38038224689661 19.904892171251163 38.683544306125505 20.003913230469863 -25.24302246089998 38.951292120603085 20.041437987812508 180.0  38.37022 +19.94327 2000.0
20211103T054604C0o 38.421352174612075 29.904957067860998 38.740474118002766 30.00177468987389 -25.23373779293126 38.99746303297964 30.0362377925 180.0  38.41193 +29.94207 2000.0
20211103T054618C0o 38.45783849458159 39.90501853633959 38.7964138912399 39.999627558212794 -25.216154785118768 39.03702354657881 40.03183593703124 180.0  38.44629 +39.94333 2000.0
20211103T054631C0o 38.48732301160034 49.90507536238913 38.851942192418626 49.997348592270804 -25.18967529293125 39.06608319734469 50.02781738234375 180.0  38.46852 +49.94660 2000.0
20211103T054646C0o 38.502355048427695 59.905122495263356 38.90656058852946 59.99479100984639 -25.139099121056276 39.075249311197865 60.0243090815625 180.0  38.46994 +59.94798 2000.0
#20211103T054658C0o 38.48446591267134 69.90514976541465 38.96228046463813 69.99174407301473 -25.0521874999625 39.03765150140479 60.21204589796874 180.0  38.41969 +69.94676 2000.0
20211103T054711C0o 38.31313321620141 79.90506807708645 38.99933879784294 79.98783034615377 -24.752570800743747 38.79583845902036 80.0180395503125 180.0  38.13962 +79.94667 2000.0
20211103T054729C0o 28.84197645196421 -35.10637983727837 29.075940037487037 -34.973218415470726 -15.23489990230624 29.353527486540422 -34.91164550828125 180.0  28.79895 -35.05667 2000.0
20211103T054743C0o 28.903583753185657 -25.106309404884932 29.153026601662212 -24.982189135038784 -15.262180175743774 29.436718751947247 -24.925444336406255 180.0  28.87330 -25.06026 2000.0
20211103T054757C0o 28.948022599427656 -15.106257586185885 29.209726823381132 -14.987261611795159 -15.263613281212512 29.495345516395176 -14.93523925828126 180.0  28.92509 -15.06134 2000.0
20211103T054810C0o 28.993988384803448 -5.106204639878463 29.266513379589117 -4.990671551708199 -15.263112792931246 29.551976015793766 -4.943420410625013 180.0  28.97616  -5.06305 2000.0
20211103T054824C0o 29.04099828476508 4.893849318814797 29.323884748587943 5.006731226570538 -15.26214843746251 29.607311213829014 5.049682616718744 180.0  29.02618  +4.93726 2000.0
20211103T054838C0o 29.08636133107104 14.893901842005052 29.3798950724778 15.00454211086486 -15.254218749962483 29.657176828215185 15.04377441359375 180.0  29.07244 +14.93650 2000.0
20211103T054852C0o 29.132587646056393 24.893955911558983 29.437830869202973 25.002531655156044 -15.244765624962488 29.706663795775363 25.038076171406217 180.0  29.11787 +24.93643 2000.0
#20211103T054903C0o 29.177166175659725 34.89400947037719 29.496241480397423 35.000544378096535 -15.241394042931264 29.752752258957123 25.171169433124987 180.0  29.15885 +34.93564 2000.0
20211103T054917C0o 29.208885042045406 44.89405177516095 29.545702135574043 44.99845004227506 -15.213505859337491 29.78072492976984 45.02925781203125 180.0  29.18212 +44.94073 2000.0
20211103T054930C0o 29.239498561082172 54.894096980553705 29.601651672672272 54.99611089204631 -15.17896240230624 29.80262725752909 55.02553222609375 180.0  29.19648 +54.94197 2000.0
20211103T054944C0o 29.2534221849486 64.89413377623357 29.657817898747194 64.99334102059534 -15.11567871090001 29.796010787230543 65.02245849562497 180.0  29.17950 +64.94120 2000.0
20211103T054957C0o 29.214662691301747 74.89414248559429 29.71187892279041 74.98983325519595 -14.967680664025009 29.702891745263646 75.01919677687499 180.0  29.06219 +74.93998 2000.0
20211103T055010C0o 28.81928788894591 84.89396371697276 29.75601089896837 84.9849784169525 -14.214511718712517 29.005784204620625 85.01540527296874 180.0  28.26557 +84.94012 2000.0
20211103T055029C0o 19.582432354459296 -40.1144643561145 19.82814018645585 -39.967649959151444 -5.235168456993758 20.105615450103993 -39.9039184575 180.0  19.54248 -40.06108 2000.0
20211103T055043C0o 19.65135567119606 -30.114411131526154 19.90788471581089 -29.979866404496782 -5.265261230431255 20.193374004041722 -29.920771484843748 180.0  19.62252 -30.06538 2000.0
20211103T055056C0o 19.70056546763032 -20.114372603729418 19.965604594166972 -19.986022349382555 -5.272268066368751 20.255201355002693 -19.93199707078125 180.0  19.67844 -20.06724 2000.0
20211103T055110C0o 19.74733872025462 -10.114336103889181 20.01982526570181 -9.98984129972951 -5.270329589806239 20.31031448230092 -9.9402294926563 180.0  19.72904 -10.06879 2000.0
20211103T055125C0o 19.795879365895388 -0.11429839359971006 20.075422736081766 0.007436670312834858 -5.262307128868739 20.364252864823147 0.05249023390625608 180.0  19.77895  -0.06896 2000.0
20211103T055138C0o 19.850383775238946 9.885743750469032 20.137087174038598 10.005260101825996 -5.265463867150018 20.422213402980983 10.046262206562487 180.0  19.83274  +9.93110 2000.0
20211103T055154C0o 19.897300430307475 19.885780675682145 20.191754684529226 20.00334191067255 -5.244960937462512 20.469788015700846 20.04055419874999 180.0  19.87708 +19.93054 2000.0
20211103T055207C0o 19.95705101904463 29.885827459842986 20.26047640875134 30.001498753286736 -5.247072753868764 20.527418083754323 30.035749511250017 180.0  19.93204 +29.92948 2000.0
20211103T055220C0o 20.000792708645545 39.88586342550802 20.315376816428795 39.999589847668396 -5.232326660118747 20.566719560745018 40.0312426753125 180.0  19.96618 +39.93466 2000.0
20211103T055234C0o 20.040725880754223 49.88589809234783 20.37052467223163 49.997480917414705 -5.205976562462494 20.59558689459901 50.02740478468748 180.0  19.98890 +49.93552 2000.0
20211103T055247C0o 20.07369981514294 59.88593062656105 20.427002368330196 59.99500894459065 -5.162473144493761 20.607877480949984 60.02381591749998 180.0  19.99299 +59.93616 2000.0
20211103T055300C0o 20.08651334858211 69.88595571233283 20.484127932184617 69.99192797498281 -5.073723144493748 20.57427388095817 70.0205590815625 180.0  19.94380 +69.93478 2000.0
20211103T055316C0o 20.01965606074754 79.8859512692515 20.544220600506677 79.98778871041243 -4.792980956993749 20.359236091911683 80.017497558125 180.0  19.68715 +79.93425 2000.0
20211103T055348C0o 10.338176822177571 -35.1195598116021 10.607622330698996 -34.97568925867809 4.793605957068748 10.905599681911356 -35.087299804218745 0.0  10.36866 -35.11163 2000.0
20211103T055402C0o 10.46571266517839 -25.119509353443444 10.738368413984606 -24.983962144377973 4.7265649414437485 11.030469424471246 -25.09882568312499 0.0  10.48564 -25.11487 2000.0
20211103T055415C0o 10.519679203119553 -15.119487370872676 10.795696762293508 -14.988588153019858 4.726623535193748 11.085615725871175 -15.106584472187492 0.0  10.53302 -15.11740 2000.0
20211103T055428C0o 10.570380021672571 -5.119466632324302 10.849802641021533 -4.991632436707365 4.728525390662498 11.140042667544925 -5.1128100581249925 0.0  10.57942  -5.11979 2000.0
20211103T055442C0o 10.62229194093881 4.880554670065647 10.905298248130649 5.006099519714376 4.728242187537498 11.198020900058498 4.881704102031258 0.0  10.62964  +4.87918 2000.0
20211103T055455C0o 10.675581805711374 14.88057665932839 10.962545779081374 15.004214050467734 4.720122070349999 11.261053447203789 14.877058105937508 0.0  10.68316 +14.87834 2000.0
20211103T055508C0o 10.72592411723041 24.88059766971775 11.017499254549948 25.002481089642988 4.710759277381248 11.324384427092124 24.872719727031257 0.0  10.73618 +24.87684 2000.0
20211103T055521C0o 10.77474203859395 34.880618340042204 11.072031646884056 35.000740075498335 4.6977172851937485 11.391770633999913 34.86847900437501 0.0  10.79012 +34.87561 2000.0
20211103T055535C0o 10.823156241746998 44.88063926041425 11.128086945076046 44.998853890244796 4.678515625037498 11.46806150185189 44.86471435593751 0.0  10.84569 +44.88527 2000.0
20211103T055548C0o 10.86970137108487 54.88066013487792 11.185929907895959 54.99667549043908 4.642006835974998 11.559336486964101 54.861127930156265 0.0  10.90970 +54.88583 2000.0
20211103T055601C0o 10.907897416601967 64.880679077858 11.243538986578718 64.9940070852399 4.578630371131248 11.677972163312704 64.85753906296875 0.0  10.98285 +64.88603 2000.0
20211103T055614C0o 10.92568771661452 74.88069389238727 11.30514704716826 74.99052150964914 4.427595214881248 11.8834726980972 74.85339355515626 0.0  11.08345 +74.88614 2000.0
20211103T055627C0o 10.803659746666055 84.8806798664009 11.39551052199336 84.98556494888132 3.6670483398812483 12.699420837097366 84.84854492234376 0.0  11.39220 +84.88586 2000.0
20211103T055645C0o 1.1236386578943307 -30.1215547984675 1.4095862720170909 -29.98040577646716 14.731118164099994 1.7097625170255737 -30.09480224562499 0.0   1.15547 -30.11753 2000.0
20211103T055658C0o 1.1984995330081174 -20.121551184278285 1.482397988918029 -19.986614653505416 14.717290039100002 1.7784236881632285 -20.104250487812493 0.0   1.21873 -20.12105 2000.0
20211103T055712C0o 1.251903402099454 -10.121548474563175 1.534924788024458 -9.990311053327487 14.722976074256252 1.8299647370385792 -10.110817870624992 0.0   1.26408 -10.12379 2000.0
20211103T055725C0o 1.30871612898288 -0.1215454755164469 1.5914769983088388 0.0071567731987954705 14.719287109412498 1.8878391489603894 -0.1165209956249919 0.0   1.31521  -0.12502 2000.0
20211103T055739C0o 1.3631955548234338 9.87845751538355 1.646137523006278 10.005203939644048 14.718840332068748 1.9464614347902636 9.878691406718758 0.0   1.36664  +9.87369 2000.0
20211103T055752C0o 1.4205529444590985 19.878460785717852 1.7040809926503717 20.003519208819043 14.710664062537498 2.0109664988406153 19.87406494187501 0.0   1.42237 +19.87207 2000.0
20211103T055806C0o 1.4760702455652996 29.87846407299062 1.7606526421019948 30.00190589319131 14.69847900394375 2.0782185788786647 29.869863281718754 0.0   1.47766 +29.87146 2000.0
20211103T055819C0o 1.5294112858828688 39.878467348053526 1.815704995763164 40.00021454193751 14.681828613318745 2.1492800316884573 39.866108398906256 0.0   1.53355 +39.87752 2000.0
20211103T055832C0o 1.5834008688540873 49.87847078433495 1.8725032039441767 49.99830497333056 14.655080566443749 2.2314794827582407 49.862490234843754 0.0   1.59557 +49.87823 2000.0
20211103T055845C0o 1.6356916715913115 59.878474245116216 1.9297711475661459 59.99601265354192 14.6079589844125 2.333012124349634 59.859106445781265 0.0   1.66354 +59.87899 2000.0
20211103T055858C0o 1.686611298833547 69.878477784389 1.9911536777048389 69.99309665933889 14.512492675818748 2.4842097685945057 69.85541503953124 0.0   1.75103 +69.87953 2000.0
20211103T055911C0o 1.730502814886097 79.87848120568943 2.0678060360195434 79.9891278145223 14.217358398474998 2.8340141482732304 79.8513256840625 0.0   1.91314 +79.87972 2000.0
20211103T055929C0o 351.79537629317844 -35.12038369716779 352.10279342420114 -34.97357858349595 24.714670410193744 352.41189911872596 -35.08780761671874 0.0 351.84739 -35.12128 2000.0
20211103T055943C0o 351.8751943533623 -25.12040672865684 352.1724409839416 -24.98323822235981 24.70782958988125 352.47526092624685 -25.10043701124999 0.0 351.90982 -25.12448 2000.0
20211103T055956C0o 351.934536406403 -15.12042365549967 352.225493518989 -14.988262156440578 24.711835937537497 352.52566146199126 -15.108430175312492 0.0 351.95737 -15.12701 2000.0
20211103T060009C0o 351.9921975154572 -5.1204400227593645 352.27857124499735 -4.991373340313967 24.714331054725 352.57923192564175 -5.1146191401562415 0.0 352.00567  -5.12939 2000.0
20211103T060023C0o 352.05147399037065 4.8795432402347165 352.3341399117914 5.00643079756621 24.711503906287497 352.6370801367471 4.880266113750008 0.0 352.05835  +4.86969 2000.0
20211103T060036C0o 352.1092142748291 14.879527072384034 352.38863789602607 15.004689212760928 24.70790771488125 352.69677951019577 14.875676270000007 0.0 352.11122 +14.86853 2000.0
20211103T060050C0o 352.1696577345012 24.879510287167236 352.4460412647711 25.0031341481306 24.70123779300625 352.76253993471414 24.87144531296876 0.0 352.16796 +24.86768 2000.0
20211103T060104C0o 352.231788702663 34.87949322652091 352.5051164860584 35.001587164396234 24.686105957068747 352.83484036217476 34.86777587937501 0.0 352.22788 +34.86819 2000.0
20211103T060117C0o 352.2945786921642 44.87947625343383 352.5645844507878 44.99990335076574 24.6624804687875 352.914418622428 44.86409912156251 0.0 352.29142 +44.87404 2000.0
20211103T060131C0o 352.35716115359 54.87945974334505 352.6231763128223 54.997937005390064 24.626821289099997 353.006160092849 54.860783691875014 0.0 352.35924 +54.87453 2000.0
20211103T060144C0o 352.424148690748 64.87944275413744 352.6846329283204 64.99550387202873 24.5600097656625 353.12912493589596 64.85736328171876 0.0 352.44057 +64.87439 2000.0
20211103T060158C0o 352.5045807612105 74.87942403917755 352.7551331447145 74.99231713682875 24.4003906250375 353.345248353839 74.85383300828126 0.0 352.55789 +74.87434 2000.0
20211103T060211C0o 352.67631732728404 84.87939308944404 352.8897856447185 84.98783088243196 23.588496093787498 354.2133296297423 84.84943359421875 0.0 352.94610 +84.87431 2000.0
20211103T060229C0o 342.53798380755114 -30.116076665785283 342.8567190521351 -29.97668519677081 34.710732421912496 343.1679364422413 -30.093955077656243 0.0 342.58626 -30.12490 2000.0
20211103T060243C0o 342.6224374592931 -20.11612742305282 342.9268157006492 -19.984738742462266 34.70137207035 343.2334542921999 -20.10487304640624 0.0 342.65367 -20.12837 2000.0
20211103T060257C0o 342.6849289854209 -10.116164513482909 342.97935189678674 -9.989096809918427 34.708068847693745 343.2846322005801 -10.11190917921874 0.0 342.70335 -10.13106 2000.0
20211103T060310C0o 342.7500931212133 -0.11620329078493083 343.0365349197173 0.008140202919826166 34.70614990238125 343.3428381630522 -0.1178710932812419 0.0 342.75887  -0.13233 2000.0
20211103T060324C0o 342.81204512699344 9.88376005213694 343.09142611328394 10.006152487791397 34.7050585937875 343.40164538972465 9.877436523906258 0.0 342.81292  +9.86643 2000.0
20211103T060338C0o 342.87714409855556 19.883721675735426 343.1497438794347 20.004534362242556 34.69634521488125 343.46674188475885 19.87325683640626 0.0 342.87146 +19.86530 2000.0
20211103T060351C0o 342.94202099315487 29.88368383730626 343.2075813911978 30.0030467846858 34.68557373050625 343.53492428828497 29.869411621562513 0.0 342.93135 +29.86447 2000.0
20211103T060616C0o 343.5447963533506 39.883320265097495 343.803377375786 40.001511710713224 34.67348876956875 344.1504610589902 39.87229980515626 0.0 343.53338 +39.87361 2000.0
20211103T060629C0o 343.62074065539775 49.88327857292596 343.8698487042631 49.99980162021483 34.63795166019375 344.24229354047424 49.868930664531256 0.0 343.60832 +49.87540 2000.0
20211103T060643C0o 343.6948084270597 59.88324001020601 343.9305198367086 59.997759313015564 34.58897705081875 344.3476387296199 59.865800781718754 0.0 343.68452 +59.87604 2000.0
20211103T060656C0o 343.7855477867677 69.88319640002202 343.9980332561175 69.9951838409908 34.48516357425625 344.5063312111081 69.8626342778125 0.0 343.78521 +69.87646 2000.0
20211103T060709C0o 343.93689469316604 79.88313577239248 344.0878545055275 79.99174892647389 34.174174804725 344.8724078907769 79.85900390671875 0.0 343.98264 +79.87645 2000.0
20211103T060727C0o 333.7774010573785 -25.10921399527824 334.1035335195078 -24.977587127186304 44.701013183631254 334.4206871102287 -25.091513671406243 0.0 333.82506 -25.12224 2000.0
20211103T060740C0o 333.86384059614466 -15.109289533780203 334.1719185088877 -14.985053452876828 44.6908593750375 334.4864134842127 -15.101748046406241 0.0 333.89515 -15.12484 2000.0
20211103T060753C0o 333.9288019496524 -5.109345404770057 334.22368218575514 -4.989149626418957 44.69469238285 334.5375890053415 -5.108564452656242 0.0 333.94725  -5.12667 2000.0
20211103T060807C0o 333.9926778943718 4.890599693702967 334.27646936764813 5.008229485190684 44.6949414062875 334.5931674112834 4.886147461406258 0.0 334.00059  +4.87151 2000.0
20211103T060820C0o 334.0582171619561 14.890543485472179 334.3317257868142 15.006322268941323 44.69094970706874 334.65321633377334 14.881616211406257 0.0 334.05718 +14.87087 2000.0
20211103T060834C0o 334.1244472055113 24.890487177068678 334.38758174872737 25.00474579545358 44.6838183594125 334.71764161293424 24.87761230515626 0.0 334.11534 +24.86917 2000.0
20211103T060847C0o 334.1945353818591 34.89042827810751 334.44630211193794 35.00326892089159 44.66658935550624 334.78941955536936 34.874255371562505 0.0 334.17902 +34.86873 2000.0
20211103T060900C0o 334.2645220777907 44.89037116549412 334.5026354761579 45.00172803790757 44.64440673831875 334.86621796117447 44.87100097703126 0.0 334.24308 +44.87316 2000.0
20211103T060914C0o 334.3430050313971 54.89030942853627 334.56275917683445 54.99997998621707 44.60716552738125 334.95994255812883 54.86788085984376 0.0 334.31717 +54.87455 2000.0
20211103T060926C0o 334.4353542635612 64.89024195238729 334.6260764142832 64.99787122993827 44.5352978516 335.0855360905877 64.86502441453126 0.0 334.40758 +64.87459 2000.0
20211103T060939C0o 334.5700924107052 74.89015637386798 334.6999043979954 74.99519509897509 44.36678222660001 335.30697120556283 74.86192138718751 0.0 334.54505 +74.87431 2000.0
20211103T060952C0o 335.01422753000895 84.88992952246286 334.8675168669084 84.99160111109543 43.5098291016 336.2195136111044 84.85857421921875 0.0 335.03445 +84.87396 2000.0
20211103T061010C0o 324.4729865984987 -10.099130407914286 324.7830355956245 -9.98403203814351 54.701567382849994 325.1021032714075 -10.103376464374993 0.0 324.50051 -10.12519 2000.0
20211103T061024C0o 324.5597350460115 -0.09922927130043875 324.8530053278991 0.01168852520049367 54.687573242225 325.1723092241641 -0.1102636714062419 0.0 324.57443  -0.12657 2000.0
20211103T061038C0o 324.6289775189361 9.900693460391514 324.9077720309038 10.008980200821453 54.68679931644375 325.2312503008682 9.884475098125009 0.0 324.63254  +9.87179 2000.0
#20211103T061049C0o 324.7002187434473 19.900614325367943 324.9651262644159 20.007015237361088 54.73420166019375 325.23060896552727 9.884487305156258 0.0 324.69408 +19.87041 2000.0
20211103T061102C0o 324.76184697229087 29.9005481244119 325.0121776963574 30.005395908394064 54.66877197269375 325.3528646417998 29.876572266093763 0.0 324.74680 +29.86882 2000.0
20211103T061115C0o 324.836328689239 39.900468359857044 325.0699161458976 40.003877198813555 54.64899658206875 325.427544104825 39.87332031296876 0.0 324.81284 +39.86988 2000.0
20211103T061129C0o 324.9161047456694 49.90038608073839 325.128369932806 50.00229411535611 54.62188476566251 325.5115153350493 49.87037353562501 0.0 324.88493 +49.87164 2000.0
20211103T061142C0o 325.0106132557074 59.90029386442226 325.1917854349669 60.000503879992415 54.568520507849996 325.62048976208666 59.867604980937514 0.0 324.97101 +59.87294 2000.0
20211103T061156C0o 325.136599900996 69.90018337689676 325.2619046125205 69.99835892438391 54.462563476599996 325.7828424432095 69.86505127000001 0.0 325.08881 +69.87338 2000.0
20211103T061209C0o 325.39243582958244 79.89999446036883 325.3637519364219 79.99566001053485 54.1347900391 326.165778995885 79.86213623093751 0.0 325.33394 +79.87335 2000.0
20211103T061226C0o 315.0498596059593 -5.086263168552572 315.36161384538696 -4.9809991446150494 64.68656738285 315.6854676130654 -5.1030395503124915 0.0 315.07213  -5.12352 2000.0
20211103T061240C0o 315.1362166801442 4.913618971785825 315.4268373338111 5.013801496167841 64.67797363285 315.75241652789225 4.889406738750008 0.0 315.14567  +4.87502 2000.0
20211103T061253C0o 315.20996002794334 14.91352040659702 315.4823009447825 15.010634997345225 64.67245849613124 315.81379669519737 14.88393310593751 0.0 315.20827 +14.87385 2000.0
20211103T061308C0o 315.2835239459139 24.913423329635577 315.53798576359895 25.008407386240226 64.66803955081875 315.877820047304 24.87983642625001 0.0 315.27124 +24.87172 2000.0
20211103T061321C0o 315.3620257823383 34.91332123008226 315.59710642962966 35.006612637306624 64.650170898475 315.9508852398662 34.87628418015626 0.0 315.34068 +34.87017 2000.0
20211103T061334C0o 315.44278417080017 44.91322001834831 315.65457999682883 45.00497522759402 64.62777832035 316.02860805838844 44.87320800828126 0.0 315.41160 +44.87234 2000.0
20211103T061348C0o 315.5348927269626 54.91311009013472 315.7151208595648 55.00331150379178 64.58927978519375 316.12333093941334 54.87055664109376 0.0 315.49352 +54.87389 2000.0
20211103T061401C0o 315.65145453609625 64.91298199381268 315.7810982316898 65.00147859902985 64.5155566406625 316.25277288324986 64.86799560593751 0.0 315.59908 +64.87469 2000.0
20211103T061414C0o 315.84075935808886 74.9128003470504 315.86238501045597 74.99933740845198 64.33957763675625 316.4840821249257 74.865686035625 0.0 315.76891 +74.87448 2000.0
20211103T061428C0o 316.5345288472927 84.91224549277686 316.0536321738107 84.99670537495454 63.44642333988125 317.4335568640146 84.86307128953126 0.0 316.40394 +84.87374 2000.0
20211103T061445C0o 305.6734540155679 19.928886012224456 305.9392116525369 20.013732106642905 74.6729101562875 306.27860285863005 19.885209961406257 0.0 305.66580 +19.87691 2000.0
20211103T061458C0o 305.7655513320113 29.928745606893553 306.0085644733233 30.010814524444847 74.647924804725 306.35901036551854 29.88065673875001 0.0 305.74725 +29.87480 2000.0
20211103T061512C0o 305.8468688405471 39.92862791399003 306.0646717752062 40.008613617912786 74.63465332034998 306.43163139795433 39.877087402812506 0.0 305.81787 +39.87479 2000.0
20211103T061526C0o 305.9409231753741 49.92849605775117 306.1270732516444 50.006716576743315 74.60266357425625 306.52012959753654 49.87414550828126 0.0 305.90173 +49.87442 2000.0
20211103T061539C0o 306.0497786077559 59.92835461917784 306.1898628967557 60.004894126708216 74.54895263675625 306.6289493338638 59.871440430156255 0.0 305.99791 +59.87534 2000.0
20211103T061553C0o 306.2042205670737 69.9281747897779 306.2610190008645 70.00298636991702 74.43994873050623 306.79460793013993 69.86940429734376 0.0 306.13426 +69.87673 2000.0
20211103T061606C0o 306.5443376871563 79.92783528229795 306.36871293615997 80.00085719332294 74.10238769535 307.1879044771244 79.86710449265625 0.0 306.43657 +79.87689 2000.0
20211103T061622C0o 296.12288264206853 34.94627276965854 296.35469301333944 35.014828729826505 84.639741210975 296.7160004959885 34.883586426250005 0.0 296.09964 +34.88029 2000.0
20211103T061635C0o 296.22093620952376 44.94611717812112 296.4199240635418 45.0116919769857 84.60654541019375 296.80298482475683 44.879301758281265 0.0 296.18752 +44.88138 2000.0
20211103T061648C0o 296.32144389262965 54.94597024197637 296.4774764717171 55.009245986155655 84.5728417969125 296.89485976775603 54.87616699265625 0.0 296.27552 +54.88086 2000.0
20211103T061701C0o 296.45693385108825 64.94578653971585 296.54495060757665 65.0070864591992 84.49368408206875 297.02726703897696 64.87360595749999 0.0 296.39567 +64.88051 2000.0
20211103T061714C0o 296.6819805090987 74.94552216957128 296.6245898750872 75.00499417203427 84.31608154300625 297.25968591430194 74.87149414109376 0.0 296.59605 +74.88050 2000.0
