(
( "20210310T072444/4.0" 0 336.0632212483942 69.89212859601275 336.16408713228776 70.05512249974247 -171.87503662104376 335.79107360676375 70.54040527387501 180.0 335.206315 +69.498190 )
( "20210310T072504/4.0" 0 336.70519263381846 84.89176234077371 336.3458299267557 85.02122167400968 -170.50019287104374 334.4981660795085 85.50885986371877 180.0 334.435665 +84.329485 )
;; "20210310T072524/4.0" did not solve.
( "20210310T072544/4.0" 0 322.1639112971385 84.90718848919433 321.45421061154457 85.01811687058422 -155.40024658198126 319.56284428106835 85.47984863325001 180.0 320.542500 +84.300125 )
( "20210310T072604/4.0" 0 306.68008069360076 69.92952819267289 306.6068188744336 70.03257813237096 -142.04376220698126 306.29090742701027 70.46586669965626 180.0 306.286725 +69.464070 )
( "20210310T072624/4.0" 0 307.57247357750197 84.92872093801539 306.5780035415583 85.01369857423005 -140.40456298823128 304.7338951109649 85.44876953168753 180.0 306.675045 +84.294540 )
( "20210310T072647/4.0" 0 291.7443033711864 54.9561905981565 291.744237232754 55.05923915523196 -127.28186279291874 291.707441042356 55.466616211375 180.0 291.570375 +54.499565 )
( "20210310T072707/4.0" 0 291.9842940348022 69.95586947266567 291.8687169839853 70.01962309412625 -127.10997802729375 291.6181150284658 70.42728515668752 180.0 291.864735 +69.480015 )
( "20210310T072726/4.0" 0 293.0061807968032 84.95481500854055 291.81313244165375 85.00845024909776 -125.50760253901251 290.0981854856764 85.41787109418752 180.0 292.901325 +84.306875 )
( "20210310T072749/4.0" 0 277.0161963130591 54.985484856821046 277.0461243398031 55.02194743402108 -112.3847314452625 277.0717694238464 55.40683593793753 180.0 277.012820 +54.542070 )
( "20210310T072809/4.0" 0 277.2668905016483 69.98513024573415 277.1376392735934 70.00903116234551 -112.19780029291874 276.9670836667192 70.394038086375 180.0 277.416600 +69.519090 )
( "20210310T072829/4.0" 0 278.3622925677612 84.98392646785464 277.0685268073666 85.00291554324018 -110.70098388666875 275.5530349174248 85.38933349653125 180.0 279.060815 +84.340825 )
;; "20210310T072906/4.0" did not solve.
( "20210310T072926/4.0" 0 262.3654164050492 40.01549440304338 262.4822851296544 40.016727648029196 -97.54824951166876 262.63971675075607 40.38485595746878 180.0 262.411340 +39.604210 )
( "20210310T072946/4.0" 0 262.51748773532387 55.01525437378809 262.57015588116786 55.006689928460766 -97.48356201166874 262.6581102642298 55.373112793406264 180.0 262.672370 +54.596520 )
( "20210310T073006/4.0" 0 262.7547136549307 70.01492779047008 262.637315120641 70.00119142819979 -97.29825683588749 262.55474548733844 70.36742431684375 180.0 263.150905 +69.571075 )
( "20210310T073026/4.0" 0 263.8568069001278 85.01371809384622 262.565908103724 84.99758467129192 -95.96524414057501 261.3046550378465 85.36544921918752 180.0 265.315195 +84.387545 )
;; "20210310T073058/4.0" did not solve.
( "20210310T073118/4.0" 0 247.78511522052344 25.04438749206009 247.96842409279986 25.01134248403322 -82.64272216791876 248.20009485927895 25.369543457468748 180.0 247.835345 +24.681880 )
( "20210310T073137/4.0" 0 247.90823544438737 40.044191527503266 248.05473178423836 40.00408054925861 -82.61884521479375 248.25812905878607 40.35958740278128 180.0 248.047155 +39.676855 )
( "20210310T073157/4.0" 0 248.0540886256558 55.043974719819616 248.13278486306575 54.99932004826793 -82.55922119135626 248.28029084537198 55.35287109418751 180.0 248.336160 +54.669015 )
;; "20210310T073210/4.0" did not solve.
( "20210310T073230/4.0" 0 249.2954759177676 85.04265908484265 248.1084552928449 84.99285328010234 -81.28093017573126 247.13909498943175 85.34783447309377 180.0 251.373115 +84.445010 )
;; "20210310T073249/4.0" did not solve.
;; "20210310T073316/4.0" did not solve.
( "20210310T073335/4.0" 0 233.32641303359412 10.070240525044442 233.5562915194514 10.010456917227213 -67.69629150385626 233.82926081622446 10.366718750437517 180.0 233.350145 +9.767265 )
;; "20210310T073355/4.0" did not solve.
( "20210310T073415/4.0" 0 233.5547530012231 40.06991460735944 233.7254678419546 39.99932597922465 -67.66888183588752 233.96723187590354 40.34865966840629 180.0 233.763890 +39.758420 )
;; "20210310T073428/4.0" did not solve.
( "20210310T073448/4.0" 0 233.8729644902715 70.06953785897508 233.84294145124937 69.9923272823677 -67.50510009760626 233.93909132619842 70.33879394575001 180.0 234.621275 +69.717410 )
( "20210310T073507/4.0" 0 234.796538410633 85.06870190135713 233.80528554879064 84.98899464896914 -66.63023925776251 233.14593691516964 85.33700195356249 180.0 237.375920 +84.517915 )
;; "20210310T073556/4.0" did not solve.
;; "20210310T073616/4.0" did not solve.
;; "20210310T073635/4.0" did not solve.
;; "20210310T073647/4.0" did not solve.
( "20210310T073707/4.0" 0 219.22717198656812 25.0912212934851 219.45107424848263 25.001344858580826 -52.72196044916877 219.7379532896914 25.35439209028128 180.0 219.360995 +24.856415 )
;; "20210310T073727/4.0" did not solve.
;; "20210310T073747/4.0" did not solve.
( "20210310T073807/4.0" 0 219.6533572655144 70.09077615927752 219.6916531363616 69.9903731960611 -52.603989257762514 219.8716400627427 70.33701660200002 180.0 220.481480 +69.797685 )
( "20210310T073828/4.0" 0 220.40501135068473 85.09022782687413 219.68598391893963 84.98615698527075 -51.985300292918765 219.34046086949195 85.3347265629375 180.0 223.301620 +84.596310 )
( "20210310T073910/4.0" 0 204.57957246162624 -34.89286229425482 204.85692247267238 -34.961827544574554 -37.58309082026249 205.11322916002229 -34.5826660151875 180.0 204.364330 -35.051965 )
;; "20210310T073930/4.0" did not solve.
;; "20210310T073950/4.0" did not solve.
;; "20210310T074002/4.0" did not solve.
;; "20210310T074021/4.0" did not solve.
( "20210310T074046/4.0" 0 205.13031144526505 40.106692138463295 205.35264044440257 39.996823463038815 -37.72898681635628 205.65971058877744 40.354096680125025 180.0 205.392250 +39.930025 )
( "20210310T074106/4.0" 0 205.2625281604478 55.10658901655271 205.45370422763273 54.99338007343928 -37.73700683588751 205.7504899102918 55.34790527387502 180.0 205.707285 +54.916435 )
( "20210310T074126/4.0" 0 205.4127109543468 70.1064861895994 205.5311882110351 69.98958605743798 -37.69355712885627 205.79111977615844 70.34335205121876 180.0 206.259345 +69.883800 )
;; "20210310T074147/4.0" did not solve.
;; "20210310T074230/4.0" did not solve.
( "20210310T074250/4.0" 0 190.61167997359368 -34.88411413205911 190.88617558601175 -34.96925459014947 -22.685505371043742 191.13582703296373 -34.57571777299997 180.0 190.393680 -34.969930 )
( "20210310T074314/4.0" 0 190.70121869658516 -19.88414725108117 190.9741693167413 -19.98375909345921 -22.70779541010626 191.25543278438948 -19.595039062062497 180.0 190.587090 -19.969980 )
;; "20210310T074333/4.0" did not solve.
;; "20210310T074353/4.0" did not solve.
;; "20210310T074413/4.0" did not solve.
;; "20210310T074434/4.0" did not solve.
;; "20210310T074455/4.0" did not solve.
( "20210310T074515/4.0" 0 191.2949786281705 70.11563138903855 191.50038553281271 69.98968150632842 -22.77583984370001 191.83090019610603 70.35676269574999 180.0 192.091320 +69.966080 )
( "20210310T074536/4.0" 0 191.5892809203077 85.11555400130241 191.57441413583484 84.98379084085644 -22.65622558588751 191.79821495823677 85.35237060590624 180.0 194.521625 +84.760040 )
;; "20210310T074620/4.0" did not solve.
( "20210310T074639/4.0" 0 176.58835616020056 -34.882235046333996 176.85298937299814 -34.97220833451759 -7.692805175731272 177.10115098062352 -34.559169921437515 180.0 176.375145 -34.901345 )
;; "20210310T074659/4.0" did not solve.
( "20210310T074719/4.0" 0 176.74894750086182 -4.882216362857299 177.01942259628757 -4.991492680420065 -7.7577148436999845 177.32996651377405 -4.588132323781243 180.0 176.714815 -4.900890 )
( "20210310T074739/4.0" 0 176.82999418272382 10.117792682003675 177.1025921705544 10.004144626515545 -7.776762695262505 177.43230846015274 10.40277587934375 180.0 176.869820 +10.104140 )
( "20210310T074800/4.0" 0 176.91084458078402 25.117801469311463 177.18582453451984 25.000722153977737 -7.7872119140125005 177.53177155914102 25.394606934031273 180.0 177.030915 +25.098145 )
;; "20210310T074820/4.0" did not solve.
;; "20210310T074832/4.0" did not solve.
( "20210310T074852/4.0" 0 177.12125281182173 70.11782361715183 177.4166318733061 69.99048036632811 -7.846547851512506 177.8074189480464 70.37645996137502 180.0 177.812125 +70.033755 )
( "20210310T074912/4.0" 0 177.15618557413057 85.11782937460428 177.530089530213 84.98422336932255 -7.932155761668739 177.97571095512586 85.37156738325001 180.0 179.741685 +84.828310 )
;; "20210310T075045/4.0" did not solve.
( "20210310T075105/4.0" 0 162.71879120418924 -34.88729147783131 162.97240191123842 -34.97282354253291 7.059895019581243 163.45809725192754 -35.78241455121877 0.0 162.625620 -34.917455 )
( "20210310T075125/4.0" 0 162.79029783946612 -19.887244584501573 163.0531033264047 -19.985276621239983 7.0412280273937435 163.56103600969115 -20.80182373090626 0.0 162.739340 -19.920220 )
;; "20210310T075145/4.0" did not solve.
( "20210310T075205/4.0" 0 162.9373452577425 10.112849559956844 163.2178653682289 10.00449509365417 6.991679687549993 163.77601939083354 9.18159423784374 0.0 162.961885 +10.097620 )
( "20210310T075224/4.0" 0 163.00970284499255 25.112895790066474 163.3006956172393 25.00139452807733 6.955375976612493 163.89408802306625 24.17543945268749 0.0 163.079730 +25.105445 )
;; "20210310T075237/4.0" did not solve.
( "20210310T075257/4.0" 0 163.11259659521565 55.112966678750304 163.4409793781 54.99564592960818 6.811730957081244 164.17271827443818 54.16224853471874 0.0 163.348570 +55.066425 )
( "20210310T075316/4.0" 0 163.15023716895962 70.11300218019475 163.53247926102023 69.991820786106 6.589704589893743 164.47526867057564 69.15743896440624 0.0 163.627965 +70.027185 )
( "20210310T075336/4.0" 0 162.93257383562465 85.11296261498515 163.68364643899682 84.98563277114003 5.083195800831243 166.0647582005489 84.15555908159374 0.0 165.214495 +84.823050 )
;; "20210310T075419/4.0" did not solve.
( "20210310T075439/4.0" 0 148.632623076838 -34.8991594647233 148.8773040832762 -34.971051211365285 22.042114257862494 149.36933001642586 -35.758625488718764 0.0 148.570635 -34.890295 )
( "20210310T075459/4.0" 0 148.6932279494267 -19.899083807375927 148.95143647258834 -19.984690555145544 22.028251953174994 149.466402853301 -20.77879394575001 0.0 148.656650 -19.893880 )
( "20210310T075519/4.0" 0 148.75954568680626 -4.89900419905976 149.0322068075453 -4.990974864165913 22.007641601612494 149.570817025043 -5.788659668406261 0.0 148.745260 -4.886910 )
;; "20210310T080041/4.0" did not solve.
;; "20210310T080101/4.0" did not solve.
( "20210310T080122/4.0" 0 150.21796482152547 40.10254185143267 150.54653008933838 39.99977589876961 21.896638183643745 151.20007842650026 39.19276611284374 0.0 150.291050 +40.107920 )
;; "20210310T080142/4.0" did not solve.
;; "20210310T080202/4.0" did not solve.
( "20210310T080222/4.0" 0 149.84653804619768 85.10248389095264 150.92357842511902 84.98787321286443 19.978383789112492 153.3663725753582 84.18096191362498 0.0 151.447095 +84.853670 )
( "20210310T080305/4.0" 0 135.66125113713673 -34.91548014438169 135.90643556804164 -34.96444985754 37.11571044926875 136.4113687335597 -35.72998291059376 0.0 135.638290 -34.894620 )
( "20210310T080325/4.0" 0 135.81493271017223 -19.915239889026786 136.07218091909854 -19.982525243280726 37.011406250049994 136.59839463087866 -20.75449218793751 0.0 135.799060 -19.901710 )
( "20210310T080345/4.0" 0 135.87537460687577 -4.915137176744537 136.15038819222923 -4.989681059492837 36.99372558598749 136.69941952466263 -5.765134277781261 0.0 135.866720 -4.901755 )
( "20210310T080405/4.0" 0 135.93694447446285 10.0849662407223 136.2318757579952 10.006336074246265 36.968835449268745 136.80760375616492 9.228784179249988 0.0 135.934200 +10.101945 )
( "20210310T080425/4.0" 0 135.99650569544548 25.08506815322773 136.31526017592395 25.00360944066073 36.934199218799996 136.92566778159613 24.223339843312488 0.0 136.001235 +25.107100 )
( "20210310T080445/4.0" 0 136.0492226320704 40.08516497653945 136.40040507475965 40.00132967294868 36.880952148487495 137.06174935625123 39.217600097218735 0.0 136.063335 +40.109760 )
( "20210310T080505/4.0" 0 136.08481768902018 55.0852498737362 136.4895609112824 54.998955360282736 36.7838623047375 137.24098432262713 54.21188964799999 0.0 136.115215 +55.098035 )
( "20210310T080524/4.0" 0 136.06012469548128 70.0852915266503 136.58944013901163 69.99589181893114 36.55324218754999 137.5558803841441 69.20826660112499 0.0 136.134390 +70.064185 )
( "20210310T080544/4.0" 0 135.42296952722614 85.08489890761906 136.80622408597102 84.99106551379576 34.949272460987494 139.24275564392684 84.20780029253123 0.0 136.113260 +84.858805 )
;; "20210310T080556/4.0" did not solve.
( "20210310T080626/4.0" 0 121.53604443155447 -19.938097700120927 121.79908650215721 -19.97642714340938 52.02539550786249 122.33890296818855 -20.72818115278126 0.0 121.551360 -19.917425 )
( "20210310T080646/4.0" 0 121.63248733738484 -4.9379044704698645 121.91242837079794 -4.986716192070567 51.97687988286249 122.47209145402469 -5.741313477000011 0.0 121.637015 -4.921145 )
( "20210310T080706/4.0" 0 121.68958275457382 10.06221857130474 121.99222084534028 10.008459440651803 51.95423095708124 122.57656378833187 9.251979980031239 0.0 121.681595 +10.081585 )
( "20210310T080725/4.0" 0 121.74375532435948 25.06233867773585 122.074760582416 25.005554392740578 51.92275146489374 122.69073155619222 24.246926269093738 0.0 121.722545 +25.082365 )
( "20210310T080745/4.0" 0 121.78958116519591 40.06245134015465 122.15980816025105 40.00337665600806 51.87200927739374 122.82464667464573 39.241496581593736 0.0 121.749865 +40.083565 )
( "20210310T080804/4.0" 0 121.8119344534746 55.06254185876771 122.24731896768367 55.00128731774886 51.77931396489375 122.99701786931868 54.23657226518749 0.0 121.741550 +55.078930 )
( "20210310T080824/4.0" 0 121.76043439661323 70.062567482713 122.3474807131298 69.9987432285838 51.556640625049994 123.30230009837985 69.23359863237499 0.0 121.624370 +70.048890 )
( "20210310T080844/4.0" 0 120.9626793081732 85.06194434233262 122.58435464540088 84.99497259261105 49.99428955083125 124.94735198200289 84.23401855424999 0.0 120.802820 +84.841925 )
( "20210310T080922/4.0" 0 107.24137361788692 -19.964810859770513 107.5446123286868 -19.950465369138318 66.99960937504999 108.10068200405338 -20.685332031687512 0.0 107.298575 -19.949985 )
( "20210310T080942/4.0" 0 107.36865834058511 -4.964530265491297 107.6628771612223 -4.978276394478377 66.948212890675 108.23466231017107 -5.715412598093761 0.0 107.397530 -4.953205 )
;; "20210310T080954/4.0" did not solve.
( "20210310T081014/4.0" 0 107.44312976800596 25.03567704399164 107.78584599304533 25.008975647609567 66.91367187505001 108.4058054751138 24.26873046831249 0.0 107.407575 +25.046280 )
;; "20210310T081034/4.0" did not solve.
( "20210310T081054/4.0" 0 107.50106371411077 55.0358967669821 107.9591103349214 55.004385505998016 66.7839697266125 108.6999649940054 54.259042968312485 0.0 107.343635 +55.044640 )
( "20210310T081114/4.0" 0 107.43430402758808 70.03591148019746 108.06165797048108 70.00225108641776 66.57675781255 108.99002812491827 69.25677490190624 0.0 107.107060 +70.018600 )
( "20210310T081133/4.0" 0 106.53418441427159 85.03511110737716 108.31068010996799 84.99944316138696 65.11311035161249 110.53659783421192 84.25839111284374 0.0 105.520695 +84.808215 )
;; "20210310T081207/4.0" did not solve.
;; "20210310T081227/4.0" did not solve.
;; "20210310T081246/4.0" did not solve.
( "20210310T081306/4.0" 0 93.04530812214362 55.00671853028999 93.51786077252962 55.008955375537376 81.79394531255 94.24422353183395 54.27910400346873 0.0 92.821640 +54.973405 )
( "20210310T081326/4.0" 0 92.97348158802599 70.00673063263045 93.62157899261408 70.006667957188 81.60846191411248 94.51253726106256 69.27684326128124 0.0 92.493205 +69.951550 )
;; "20210310T081339/4.0" did not solve.
;; "20210310T081409/4.0" did not solve.
( "20210310T081428/4.0" 0 78.46043290326867 39.976774821821884 78.87721207560887 40.02485587371383 96.85166259770624 79.53010274579222 39.30668456987499 0.0 78.335115 +39.900580 )
( "20210310T081448/4.0" 0 78.47543747867162 54.976873849292744 78.95527218539117 55.01660446334043 96.80027343754999 79.66351586473313 54.29682617143749 0.0 78.205565 +54.894700 )
( "20210310T081508/4.0" 0 78.40657662869695 69.97688868701653 79.05398201927028 70.01236208324603 96.64912353520624 79.89897095501757 69.29306640581248 0.0 77.810870 +69.871525 )
( "20210310T081528/4.0" 0 77.49018539883406 84.97604660386865 79.28848936142197 85.00934612645753 95.53577636723749 81.09588797042932 84.29488769487499 0.0 75.230410 +84.678570 )
;; "20210310T081552/4.0" did not solve.
( "20210310T081612/4.0" 0 63.697856434235035 69.94825146294764 64.32197695617373 70.0197772430321 111.695224609425 65.11685734520371 69.30512695268749 0.0 63.043060 +69.779040 )
;; "20210310T081632/4.0" did not solve.
( "20210310T081655/4.0" 0 49.02828839714746 54.92296676594977 49.52469573900502 55.06834002870834 126.798017578175 50.19538445388406 54.35123535112499 0.0 48.751510 +54.700610 )
( "20210310T081714/4.0" 0 49.00662370098665 69.92302460000592 49.58444312420408 70.02926656142841 126.74529052739373 50.330369438762006 69.31308105424999 0.0 48.341180 +69.681140 )
( "20210310T081734/4.0" 0 48.32468160198502 84.9225550039768 49.75237523179268 85.01854956337381 126.10572265629997 51.051585240809224 84.30761962846874 0.0 45.590865 +84.497640 )
( "20210310T081755/4.0" 0 34.23361791398739 69.90274164696422 34.74074788785785 70.04047085246056 141.80359375005 35.44151638639777 69.31677246049999 0.0 33.612450 +69.584800 )
( "20210310T081815/4.0" 0 33.752295093389066 84.90251085623731 34.86951481201233 85.02191207069633 141.3985986328625 35.92853546498754 84.30338867143749 0.0 31.084215 +84.406060 )
( "20210310T081836/4.0" 0 19.47793391867408 69.88892350264148 19.89005881018344 70.05142109076714 156.86248046880002 20.5529070959947 69.31461425737498 0.0 18.954300 +69.500765 )
( "20210310T081856/4.0" 0 19.227483100390113 84.88886646094815 19.97619705096758 85.02389196477195 156.67548095708125 20.823455563839396 84.292485351125 0.0 16.796235 +84.329135 )
;; "20210310T081908/4.0" did not solve.
( "20210310T081928/4.0" 0 4.694335523937712 84.88247040259978 5.040267379777342 85.02416317855304 171.91114501958126 5.721226668265722 84.27470703081251 0.0 2.645320 +84.264760 )
)
