("20210315T042158/4.0" 1 0.0382818114904594 -0.6242036272620914 0.0 2.0601515679361415 -0.6099201424080604 -0.0370391824741418 -0.013663909786266193)
("20210315T042215/4.0" 1 0.03798017121275267 -0.44990898041171 0.0 2.064662371387921 -0.4353924531963834 -0.037953535947410896 -0.0137446201479699)
("20210315T042252/4.0" 1 0.03750949477433642 -0.10107608203971553 0.0 2.069971837505413 -0.0860911578814235 -0.038901214344598846 -0.014072430133096933)
("20210315T042311/4.0" 1 0.037230225049786354 0.07338806968772722 0.0 2.0712782164505303 0.08860268667504333 -0.038912467784312406 -0.014262897193706742)
("20210315T042328/4.0" 1 0.03685188573268534 0.2478599765402643 0.0 2.071716119559856 0.2633193950447113 -0.03859422735776945 -0.014477376369548073)
("20210315T042346/4.0" 1 0.03647380207904897 0.42232953981104215 0.0 2.0711286417336345 0.43801219240362693 -0.03796272388259198 -0.014674970780532426)
("20210315T042442/4.0" 1 0.034086459256747054 0.9457264264934241 0.0 2.057579301684552 0.9611241956735446 -0.034437582298925025 -0.014311587368487921)
("20210315T042459/4.0" 1 0.032060965458076386 1.1202061736922104 0.0 2.042019342337172 1.1346767694321325 -0.03283900553279927 -0.013347618285084462)
("20210315T042518/4.0" 1 0.027540750181951824 1.2947052234825775 0.0 2.002859738976026 1.3083796160393169 -0.0310887131731329 -0.012501798873010728)
("20210315T042536/4.0" 1 0.005219582684540648 1.4692237889174131 0.0 1.808019907929639 1.4795159559814437 -0.029547273086025505 -0.009053213453545927)
("20210315T042638/4.0" 1 0.12555360041235605 -0.7111511923002375 0.0 1.9913098481180282 -0.6968785543947998 -0.03633896607749039 -0.01390836795475292)
("20210315T042656/4.0" 1 0.12534749304927262 -0.5369463685471022 0.0 1.9966107621221854 -0.5223695402061193 -0.03743691231735405 -0.013988101192545788)
("20210315T042733/4.0" 1 0.12487634789450452 -0.18817423285853896 0.0 2.0028737016100417 -0.17308552365075408 -0.0388117472562019 -0.014319985943756997)
("20210315T042751/4.0" 1 0.12458868388619854 -0.013718262361964979 0.0 2.0045212924239246 0.0015769049791768768 -0.03904749664370791 -0.014480719540465882)
("20210315T042809/4.0" 1 0.12427306733909105 0.16075040608668656 0.0 2.0053368847833815 0.17628802829523846 -0.03894869618792197 -0.014689470669091015)
("20210315T042827/4.0" 1 0.12387210180536871 0.3352236764777017 0.0 2.005218202394246 0.3509885051028629 -0.0385308644327763 -0.014889595133466937)
("20210315T042845/4.0" 1 0.12341416592960743 0.5096926858109727 0.0 2.0039217718258646 0.5256600094449041 -0.03780826705237351 -0.015068074919160956)
("20210315T042903/4.0" 1 0.12279707954710298 0.6841572210336124 0.0 2.000962915144959 0.7001452871557576 -0.03681273015239763 -0.015064996784193707)
("20210315T042921/4.0" 1 0.12185922073762069 0.8586225658572236 0.0 1.9952977509259102 0.8742026101340222 -0.03554270594878815 -0.014630650047957161)
("20210315T042939/4.0" 1 0.12035246810872001 1.0330955379741966 0.0 1.9843037474346727 1.0481306042147138 -0.03403463625273679 -0.014053772327300207)
("20210315T042958/4.0" 1 0.11745230698691245 1.2075844890577099 0.0 1.9600979505716887 1.2218065727514178 -0.032379578757071224 -0.013198983399132613)
("20210315T043016/4.0" 1 0.10881965966077624 1.3820946602087893 0.0 1.8840422613563073 1.3949158328799989 -0.030641585025223905 -0.011740367162180299)
("20210315T043058/4.0" 1 0.2145403372445314 -0.797973269187819 0.0 1.9185598125059244 -0.7841301816958743 -0.035622798440506885 -0.013854980417339458)
("20210315T043116/4.0" 1 0.2126981115394356 -0.6239400808406173 0.0 1.9266680886119143 -0.6097201276757819 -0.036880131604215764 -0.013852854140125381)
("20210315T043135/4.0" 1 0.2124522485075995 -0.44965135686050006 0.0 1.9310650965964637 -0.4351969763201601 -0.037892609752988624 -0.0139297411266332)
("20210315T043153/4.0" 1 0.2122144814854772 -0.2752616884224247 0.0 1.9340897521901699 -0.2606013938005805 -0.03862723092346825 -0.014048901511186429)
("20210315T043211/4.0" 1 0.21195949979006865 -0.1008193533106319 0.0 1.9361317874150032 -0.0859026623222081 -0.03906410708875305 -0.014249990796731796)
("20210315T043230/4.0" 1 0.21167486113276102 0.0736458636812469 0.0 1.9373029033430915 0.08879048410255792 -0.039191222483210365 -0.014439161689114272)
("20210315T043249/4.0" 1 0.21134096464793123 0.2481207106636274 0.0 1.9376565070495455 0.2635031782149463 -0.0389843320832143 -0.014647326882090306)
("20210315T043307/4.0" 1 0.21087152391626077 0.4225907852613344 0.0 1.9369648330669802 0.43819615010678714 -0.03846894652032028 -0.014845342789634064)
("20210315T043325/4.0" 1 0.2103110669911758 0.5970582606138176 0.0 1.934852984672067 0.6128601495330449 -0.03765884825424759 -0.015018672467699834)
("20210315T043343/4.0" 1 0.20952064077964028 0.7715236054374287 0.0 1.9306022352788348 0.7872703780860626 -0.03657045409341152 -0.01493929716523168)
("20210315T043402/4.0" 1 0.20838327924657793 0.9459920182226155 0.0 1.9225077472739354 0.9613310171899059 -0.035235979996149365 -0.014503419789581362)
("20210315T043420/4.0" 1 0.206301752538572 1.1204719784742891 0.0 1.9063009689057666 1.1351268898462217 -0.03366077715934427 -0.013783721970409779)
("20210315T043438/4.0" 1 0.20157564295225122 1.294973499678148 0.0 1.865569347487349 1.3087243185665858 -0.0319666143777077 -0.012831600284283429)
("20210315T043456/4.0" 1 0.1782023776872377 1.4694936843149258 0.0 1.6629526783599256 1.4795768679723382 -0.030535230883235297 -0.00910142081901033)
("20210315T043558/4.0" 1 0.2998871933305188 -0.7108650196621419 0.0 1.8580523889319347 -0.6966925022965373 -0.03612144888049991 -0.014090491666553295)
("20210315T043615/4.0" 1 0.29972305738621496 -0.5366786888996163 0.0 1.8631787700108922 -0.5221758086591479 -0.03730750040093231 -0.01417769721469253)
("20210315T043634/4.0" 1 0.2995524872447175 -0.36233120493320764 0.0 1.8667052077645467 -0.3475849385285487 -0.038242895311467524 -0.014303208718033089)
("20210315T043652/4.0" 1 0.2992472676785058 -0.18791111254283918 0.0 1.8691457016576105 -0.17291430685113343 -0.03888492773534784 -0.014484062213425436)
("20210315T043710/4.0" 1 0.29904239602216814 -0.013455184656842593 0.0 1.870623297402349 0.0017544049641047 -0.03923386707594411 -0.01465069308992958)
("20210315T043728/4.0" 1 0.29866848820512104 0.16101574215241332 0.0 1.8713158440495403 0.17645174017907553 -0.03926163322623939 -0.0148435341853628)
("20210315T043746/4.0" 1 0.29828303292158737 0.33548943864920294 0.0 1.8710313553814653 0.35114907539404633 -0.03896401598456969 -0.015040647766402349)
("20210315T043804/4.0" 1 0.29781018334372167 0.5099608341748108 0.0 1.8695659769414907 0.5258184853409852 -0.038361922038648945 -0.015215366836759614)
("20210315T043822/4.0" 1 0.29716284345123384 0.6844275425368999 0.0 1.8663994260795973 0.7003002723933348 -0.03746603842476763 -0.01520746862505784)
("20210315T043841/4.0" 1 0.29621156230985757 0.8588945065624539 0.0 1.860391304662532 0.8743719070714656 -0.03630340731309821 -0.014786835115644159)
("20210315T043859/4.0" 1 0.2946758344882968 1.0333693109342568 0.0 1.848805983620719 1.0484206779363954 -0.03490090664181374 -0.014330148000670784)
("20210315T043917/4.0" 1 0.29163437669169406 1.2078613725899234 0.0 1.8235870231269522 1.2221661105773283 -0.03329539166974251 -0.013543385137999575)
("20210315T043936/4.0" 1 0.282739674314294 1.3823739299333397 0.0 1.7443948027128118 1.3951067719001669 -0.031619495664126716 -0.011916829482120583)
("20210315T044018/4.0" 1 0.38877818419518356 -0.7976198996690985 0.0 1.7855173778836761 -0.7840076595823844 -0.03532179003907512 -0.013977817817869553)
("20210315T044037/4.0" 1 0.38700396497168404 -0.62365493085638 0.0 1.7934771264703215 -0.6095656660369804 -0.036638550853949764 -0.014010262241784921)
("20210315T044055/4.0" 1 0.3868654379844226 -0.4493786917754534 0.0 1.7976898276858602 -0.43504513267523653 -0.037739523929845795 -0.01408131522003142)
("20210315T044114/4.0" 1 0.38664731443850064 -0.2749919634672215 0.0 1.8006026076745134 -0.260456531472665 -0.03857691545183771 -0.014190687523113421)
("20210315T044132/4.0" 1 0.38634205226171137 -0.10055103450448423 0.0 1.8025112997444945 -0.08576844650272974 -0.039146926340432014 -0.014380323585963334)
("20210315T044203/4.0" 1 0.38570506673954186 0.24838937035439462 0.0 1.8032670273106082 0.26360336011401075 -0.039307318111239456 -0.014743510185449282)
("20210315T044220/4.0" 1 0.38523916268579905 0.42286285379829697 0.0 1.8023763857933153 0.43828638362911526 -0.03891415933160809 -0.014928644634783605)
("20210315T044239/4.0" 1 0.38471143068418895 0.5973317352998357 0.0 1.8000308378115601 0.6129345005591799 -0.03821985506245008 -0.015085449719199895)
("20210315T044257/4.0" 1 0.38391154492446145 0.7718000202532901 0.0 1.7954879203015441 0.7873860934154698 -0.037242896179813606 -0.015045454705394645)
("20210315T044315/4.0" 1 0.3827377087371095 0.9462709044519688 0.0 1.7869813600602489 0.961459647955778 -0.03600975473768057 -0.01462124175361934)
("20210315T044333/4.0" 1 0.3805983168649382 1.1207543587709925 0.0 1.7699183231610516 1.1354347659262736 -0.03456045232967003 -0.01407902839494568)
("20210315T044853/4.0" 1 0.3761150875700327 1.2952595870950887 0.0 1.7494342663950204 1.3081647660083964 -0.03294781569485616 -0.01221563053212038)
("20210315T044911/4.0" 1 0.35174366952845754 1.4697819448713159 0.0 1.541560840093515 1.4789345868076043 -0.03156785269742706 -0.008405468593391419)
("20210315T044955/4.0" 1 0.47551111975475785 -0.8838309408761723 0.0 1.736965808751698 -0.8712866885527153 -0.034392887847759956 -0.013851581461011397)
("20210315T045013/4.0" 1 0.4741450672525684 -0.7105357251196758 0.0 1.7464595272179213 -0.6967471311021247 -0.03583298875866079 -0.014001690370453845)
("20210315T045032/4.0" 1 0.47408728730955796 -0.5363904709538034 0.0 1.7514619899199872 -0.5222093189807862 -0.03708034874307951 -0.014106556382452617)
("20210315T045050/4.0" 1 0.4738813929993617 -0.36205487533850106 0.0 1.754883009786821 -0.3476151327246082 -0.03810606965431403 -0.01423353139615896)
("20210315T045108/4.0" 1 0.47368900624221444 -0.18763976838569318 0.0 1.757172881765438 -0.1729504351666497 -0.03886845485202784 -0.01440795244165971)
("20210315T045127/4.0" 1 0.4734274625178799 -0.013183925720851482 0.0 1.7585736830230885 0.0017086773377024487 -0.03934172066561262 -0.01456251176973891)
("20210315T045145/4.0" 1 0.4730868335618144 0.16128887595381186 0.0 1.7591145605582816 0.17639030458940533 -0.0394870205193057 -0.01473679710818629)
("20210315T045203/4.0" 1 0.4726750023308446 0.33576402121023446 0.0 1.7586853840952161 0.35107262997280897 -0.039322156195174804 -0.01491719001540387)
("20210315T045220/4.0" 1 0.4721884747576202 0.5102372489906721 0.0 1.7570007923011912 0.5257120202566136 -0.03885228542759037 -0.015060371595911781)
("20210315T045239/4.0" 1 0.47155621900954664 0.6847068974826048 0.0 1.753570871255172 0.7001445890240569 -0.03807945652127499 -0.015001000256780417)
("20210315T045257/4.0" 1 0.4705872970891097 0.8591759494264534 0.0 1.7472108914609046 0.874183236979325 -0.03702798188215355 -0.014546341530142781)
("20210315T045315/4.0" 1 0.4690415983924277 1.0336530973800158 0.0 1.735071079315733 1.04822781905405 -0.03573211427996879 -0.014084691367467927)
("20210315T045333/4.0" 1 0.4659843746821716 1.2081483548289906 0.0 1.7087316174421856 1.2220744807915989 -0.0342275003276703 -0.013398482988918214)
("20210315T045352/4.0" 1 0.4568827127301393 1.3826637670810953 0.0 1.6263768604234314 1.3949915801695354 -0.03264610650356269 -0.011749938553935246)
("20210315T045434/4.0" 1 0.5627382954020735 -0.7971474761970072 0.0 1.6740889261852006 -0.784137686611658 -0.03496713181676587 -0.013822797445034785)
("20210315T045453/4.0" 1 0.5612580465523413 -0.6233374394438653 0.0 1.6818874063489615 -0.6096613100799896 -0.03633237043303975 -0.01388616311060753)
("20210315T045511/4.0" 1 0.5611585934645935 -0.44909247652678047 0.0 1.6859482639195769 -0.43514322017919865 -0.03751900291763119 -0.013951758719143947)
("20210315T045529/4.0" 1 0.5609585794140841 -0.2747152929878953 0.0 1.6887071058682044 -0.26056823254479267 -0.03846229712731851 -0.01404486282793499)
("20210315T045605/4.0" 1 0.5604423096578057 0.07418761456283517 0.0 1.6913448219667433 0.08877460160636477 -0.03949777419857924 -0.014379971266611433)
("20210315T045624/4.0" 1 0.5601126742307201 0.24866331375676454 0.0 1.6913621007263382 0.26346006858242205 -0.039552110519254655 -0.014558999493064884)
("20210315T045700/4.0" 1 0.5591489934113083 0.5976112606878503 0.0 1.68774054252845 0.612749146592618 -0.038737143537608786 -0.014853241916020554)
("20210315T045718/4.0" 1 0.5583115251222778 0.7720803126316989 0.0 1.6829356510977096 0.7871590260797854 -0.037879250703318844 -0.014771489582485753)
("20210315T045737/4.0" 1 0.5571369219445316 0.9465545630659952 0.0 1.6739885697532109 0.9612255993030855 -0.036763468126732354 -0.014338281268994613)
("20210315T045755/4.0" 1 0.5550077566109464 1.1210423636639177 0.0 1.6562401420567554 1.1351768062628287 -0.035400523582500426 -0.013769977810307754)
("20210315T045813/4.0" 1 0.550129015936231 1.2955496372957314 0.0 1.6120365371573453 1.3087410737274048 -0.033895440358039444 -0.012785466644104293)
("20210315T045831/4.0" 1 0.5258210876550434 1.4700811989566862 0.0 1.3945082984996582 1.4791593852152611 -0.03266041239119186 -0.008622895844059952)
("20210315T045914/4.0" 1 0.6499942757997395 -0.7101196754415392 0.0 1.6101754925759437 -0.6969820524194432 -0.03550506897343983 -0.013792319978753409)
("20210315T045932/4.0" 1 0.6483215123611276 -0.5360813312144671 0.0 1.6168011114823648 -0.5225229546473695 -0.03681407725195962 -0.013816514541338476)
("20210315T045950/4.0" 1 0.6482423419082418 -0.36177096106100987 0.0 1.6201013545649607 -0.3479680382993615 -0.0379172738006765 -0.013900941099026287)
("20210315T050009/4.0" 1 0.6480551962521197 -0.18736326834867678 0.0 1.6222819689324026 -0.17333336040453726 -0.03876931812885569 -0.014041445275478459)
("20210315T050027/4.0" 1 0.6477813380709047 -0.012910834530030396 0.0 1.6235592008790118 0.0012878784550466157 -0.03935153014498542 -0.01415630769203686)
("20210315T050045/4.0" 1 0.6474900521635163 0.1615616262600134 0.0 1.62392938521336 0.17594245310334358 -0.0396243249297504 -0.014301393210148783)
("20210315T050103/4.0" 1 0.6471176357166795 0.3360384759395336 0.0 1.6233427800517646 0.3505949333565382 -0.039582274084144185 -0.014449140654944792)
("20210315T050121/4.0" 1 0.6466363066339029 0.510514260354618 0.0 1.6215248451028874 0.5252360689695947 -0.0392366974420573 -0.014591180305094986)
("20210315T050140/4.0" 1 0.6459519381496187 0.6849825453080725 0.0 1.6178785032296208 0.6998555624999266 -0.03858718222251656 -0.01472047965336365)
("20210315T050158/4.0" 1 0.6450487643501736 0.8594573070692979 0.0 1.611127918748757 0.8741535663820411 -0.03766794687823392 -0.014520603982124625)
("20210315T050217/4.0" 1 0.6435040030861954 1.0339389291334915 0.0 1.598481088455881 1.0481918652714588 -0.036485574018038945 -0.01405000401667511)
("20210315T050235/4.0" 1 0.6404115830389727 1.208437595428662 0.0 1.5710911129055585 1.2220208991835624 -0.03508930580042222 -0.01334588413799298)
("20210315T050253/4.0" 1 0.6312513315429588 1.382961572406832 0.0 1.4856945960664287 1.3948535246257026 -0.03360690401926322 -0.011610038017189073)
("20210315T050333/4.0" 1 0.7369314864675672 -0.6229556060594141 0.0 1.5443332956103082 -0.6098503292379807 -0.03600827550792206 -0.013734663493664812)
("20210315T050351/4.0" 1 0.7354033859393685 -0.4487897283740603 0.0 1.5498518521721891 -0.4353866936098519 -0.037241411499558716 -0.013742151183110451)
("20210315T050410/4.0" 1 0.7353123271353765 -0.27443465972486714 0.0 1.5524708932477318 -0.26084940508728893 -0.038262005228520926 -0.013794437669302217)
("20210315T050427/4.0" 1 0.7350630126467677 -0.10000493734399694 0.0 1.5541256399115475 -0.08620600054620473 -0.039032002116323704 -0.01393438666041849)
("20210315T050446/4.0" 1 0.7348320207064586 0.07445908655171349 0.0 1.5548557111376566 0.08842728108521791 -0.039525600358897864 -0.01405638529763198)
("20210315T050504/4.0" 1 0.7345017461207114 0.24893440225044586 0.0 1.5547057873549104 0.2630733036201801 -0.039708608090207966 -0.014193716028378905)
("20210315T050522/4.0" 1 0.7340841198512095 0.42341201892036 0.0 1.5534716650408251 0.4377065852516027 -0.039580010653148 -0.0143234753090144)
("20210315T050540/4.0" 1 0.7335657621766365 0.5978874624508247 0.0 1.5507239931994106 0.6123260787819346 -0.0391448741807211 -0.014445118089527753)
("20210315T050558/4.0" 1 0.7327464886041731 0.7723587727552776 0.0 1.5456169852751498 0.7868815187287183 -0.0384167823841287 -0.014507284616777416)
("20210315T050616/4.0" 1 0.7315836885563785 0.9468361763723044 0.0 1.5362136748641801 0.9611419980319149 -0.03742675602422992 -0.014266312997831765)
("20210315T050635/4.0" 1 0.7294947049973203 1.1213270875423804 0.0 1.5176540181313976 1.135082383950296 -0.03619840288592813 -0.013686762222002935)
("20210315T050653/4.0" 1 0.7246090187984819 1.2958412640877397 0.0 1.471930405986426 1.308608254171328 -0.03476264646887777 -0.012661503477021219)
("20210315T050711/4.0" 1 0.7004737485770861 1.4703810922007177 0.0 1.2472262461091639 1.4788420843572485 -0.033683778942873575 -0.0083148020924948)
("20210315T050811/4.0" 1 0.822468300507788 -0.5357222092677921 0.0 1.480774687437982 -0.5225835175724137 -0.03640940404980668 -0.013800905659858809)
("20210315T050829/4.0" 1 0.8224482735363904 -0.36147400794682166 0.0 1.4839412382998753 -0.3480209217756969 -0.03758419713989689 -0.013890039214812078)
("20210315T050848/4.0" 1 0.8223817584250046 -0.1870862569847311 0.0 1.4859471452091921 -0.17339252706617986 -0.038540846450930207 -0.01402064073816861)
("20210315T050906/4.0" 1 0.82216917425415 -0.012640640858475315 0.0 1.4870992370484337 0.0012100367704076687 -0.03923095667250998 -0.014112848860600954)
("20210315T050924/4.0" 1 0.8218578613753642 0.16182926329692202 0.0 1.4873643525618117 0.1758489034554367 -0.0396350665598826 -0.014239210110251033)
("20210315T050942/4.0" 1 0.8215161671548626 0.3363064112504843 0.0 1.486611941121277 0.3504830577514853 -0.03973139968774106 -0.014365498871053206)
("20210315T051001/4.0" 1 0.8210694378609685 0.5107828348242301 0.0 1.4845877082548138 0.5250933010367815 -0.03952573496154454 -0.014474763037801819)
("20210315T051019/4.0" 1 0.8204497948438176 0.6852586192393143 0.0 1.4806937041606894 0.6996906288856132 -0.03901218182843992 -0.014574258324427714)
("20210315T051037/4.0" 1 0.8195011129476651 0.8597332105582302 0.0 1.4736331492046715 0.8740532099500514 -0.03822244518777426 -0.014439884462048247)
("20210315T051114/4.0" 1 0.8149529877433165 1.2087218505907724 0.0 1.4319393277696293 1.22187882938245 -0.03589950012877393 -0.013220776988722927)
("20210315T051132/4.0" 1 0.8059848673409852 1.3832525600401786 0.0 1.3434212895633078 1.3946453068459397 -0.03455668833016884 -0.011418547324802075)
("20210315T051230/4.0" 1 0.9095478731148467 -0.44844070513423884 0.0 1.4137608509454822 -0.4355254472853854 -0.0368374434570491 -0.013655968328139922)
("20210315T051248/4.0" 1 0.9095532420476045 -0.274141285899184 0.0 1.4162544028478066 -0.2609803047811885 -0.037937638863158894 -0.013712373341510764)
("20210315T051306/4.0" 1 0.909381606641671 -0.0997324000906826 0.0 1.4177613201239787 -0.08634841941316745 -0.038823304802517736 -0.013838322471506001)
("20210315T051324/4.0" 1 0.9091897312114529 0.07472442261744025 0.0 1.4183809120084365 0.08826740892573522 -0.03941629558352665 -0.013938914836801722)
("20210315T051343/4.0" 1 0.908891457169364 0.24919841738827195 0.0 1.4180742576588612 0.26289842162913024 -0.03973273181871747 -0.014056720521555571)
("20210315T051420/4.0" 1 0.9080310217790927 0.5981519036944252 0.0 1.4137228027677888 0.6120932518597185 -0.039440954255644325 -0.014245332558558421)
("20210315T051438/4.0" 1 0.9072901516691213 0.7726289238162553 0.0 1.4083426508155912 0.786679060535487 -0.03886558093610136 -0.014332063866881684)
("20210315T051457/4.0" 1 0.90611213964518 0.9471072222554084 0.0 1.398613661966199 0.9609912015845427 -0.03800466141173397 -0.014142854418711992)
("20210315T051515/4.0" 1 0.9040484241585445 1.1216044397909457 0.0 1.3793668691069063 1.1349200683298601 -0.036890175688534914 -0.013548134897527708)
("20210315T051533/4.0" 1 0.8992986230911664 1.296122920004626 0.0 1.3319703588738983 1.3084129518280299 -0.03560331346043349 -0.012490476668441497)
("20210315T051551/4.0" 1 0.8757059559629078 1.4706733155408098 0.0 1.1002159414832051 1.4784106389661555 -0.034727787978484595 -0.007905771309956622)
("20210315T051631/4.0" 1 0.9978238229047244 -0.5351748337899815 0.0 1.3417058054415225 -0.5229948916771088 -0.03605869066354462 -0.013457345184943237)
("20210315T051650/4.0" 1 0.9966443195105726 -0.36113133368303907 0.0 1.3463998684647611 -0.34843840453277397 -0.03722021971837757 -0.013537203641713125)
("20210315T051708/4.0" 1 0.9966343060248739 -0.18679731465910188 0.0 1.3483631893403298 -0.1738393313546904 -0.03824812217140212 -0.013633920028888635)
("20210315T051727/4.0" 1 0.996470042248838 -0.012372322052327652 0.0 1.349389093874652 0.0007290240285580315 -0.039039055955364076 -0.013688435096313114)
("20210315T051745/4.0" 1 0.9962559240971954 0.16209021047317235 0.0 1.3495191209039255 0.1753399654455551 -0.039557572098990634 -0.013782387222753406)
("20210315T051803/4.0" 1 0.9959129941699482 0.3365658670565242 0.0 1.348651343199834 0.3499468926052727 -0.03978816947254795 -0.013876514216325408)
("20210315T051821/4.0" 1 0.9954921294965609 0.511041907135073 0.0 1.346456417132526 0.5245288615566867 -0.03969648808008177 -0.013954561837197454)
("20210315T051839/4.0" 1 0.9948889341623023 0.6855181602665091 0.0 1.3423027080457046 0.6991022783947659 -0.03933150094337497 -0.014028298501224223)
("20210315T051858/4.0" 1 0.9940415802193052 0.8599958621575784 0.0 1.3349086206696306 0.873595061021403 -0.038670126939231754 -0.014021166828345755)
("20210315T051916/4.0" 1 0.9925232375133405 1.034485026293979 0.0 1.3211945215391598 1.0478485590075917 -0.037748122571452075 -0.01376180028965246)
("20210315T051934/4.0" 1 0.9896262295742634 1.2089941747911999 0.0 1.2917708883444134 1.221613364803222 -0.0366085763121232 -0.012990135071604625)
("20210315T051952/4.0" 1 0.9808997963671792 1.3835323837022353 0.0 1.2007671522174015 1.394296415528466 -0.03537213992421651 -0.011103329932960593)
("20210315T052031/4.0" 1 1.0847566872936534 -0.44789925252669266 0.0 1.2733812266807754 -0.4359897048664159 -0.03647345262773148 -0.013272370236623032)
("20210315T052049/4.0" 1 1.0837007545740813 -0.2737972054863458 0.0 1.277297221923475 -0.261442817032967 -0.03756047579013358 -0.013324333022277646)
("20210315T052107/4.0" 1 1.0836719072131533 -0.09944439519775705 0.0 1.2787166982041218 -0.08684182399270626 -0.03849797930418111 -0.013414497801046005)
("20210315T052126/4.0" 1 1.0835543872405704 0.07498924735623776 0.0 1.279217258633594 0.08775567838905049 -0.03921460202590117 -0.013493793720883926)
("20210315T052144/4.0" 1 1.0832657431889832 0.24945297297790606 0.0 1.2788423619102656 0.26235544969883484 -0.039646361479935076 -0.013577263275561774)
("20210315T052202/4.0" 1 1.082937002584024 0.42392816084490614 0.0 1.277269296655443 0.4369335789258944 -0.03978218957118304 -0.01364416617625519)
("20210315T052220/4.0" 1 1.0824662835350303 0.5984038174282581 0.0 1.2741369542468888 0.6115024579079185 -0.03962302702633534 -0.013709836206540982)
("20210315T052239/4.0" 1 1.081754686891761 0.772881519319327 0.0 1.268503904086077 0.7860423644243594 -0.03917124097912617 -0.013748495528124738)
("20210315T052257/4.0" 1 1.0807033135039754 0.9473641214268017 0.0 1.258346785971171 0.9605086180463662 -0.03844821778545866 -0.01370947055364602)
("20210315T052316/4.0" 1 1.0787425025618602 1.121865003471999 0.0 1.238505533968649 1.1346041637352495 -0.03747476367179568 -0.013279750786118205)
("20210315T052335/4.0" 1 1.07422088113668 1.296390216156915 0.0 1.1897752431212665 1.308044861888784 -0.0363121064005103 -0.012167618971339333)
("20210315T052353/4.0" 1 1.0514761218889253 1.470949219029742 0.0 0.9535079278836917 1.477882502334502 -0.03552935691340914 -0.007421839113820106)
("20210315T052450/4.0" 1 1.1707098492860524 -0.18644735398657675 0.0 1.2080380193482847 -0.17435978853763512 -0.0378581290092695 -0.013199531320782887)
("20210315T052508/4.0" 1 1.1707165391467107 -0.012084444991134445 0.0 1.2089433216312941 0.00019460421159736774 -0.038713670464549106 -0.01323409699182322)
("20210315T052526/4.0" 1 1.1705826141018127 0.16235209508212636 0.0 1.2089522228104794 0.17477709676178696 -0.039329013987175074 -0.013295939476683422)
("20210315T052544/4.0" 1 1.170326652363123 0.33681535198744283 0.0 1.2079563379392915 0.3493550514559214 -0.03967464843560513 -0.013358389605733212)
("20210315T052602/4.0" 1 1.1699160142283216 0.5112876849457543 0.0 1.2056107899575361 0.5239045572832483 -0.039738242867776954 -0.013399377391464351)
("20210315T052621/4.0" 1 1.1693553016397715 0.6857622762646702 0.0 1.2012554953421095 0.6984777995884023 -0.03950437794624941 -0.013470231162211133)
("20210315T052652/4.0" 1 1.1671869345749406 1.034733872066236 0.0 1.178999929385304 1.0473258328966193 -0.038195006749073064 -0.013300157850474337)
("20210315T052709/4.0" 1 1.1643812411033205 1.2092476651163981 0.0 1.1487652416871559 1.221228519703157 -0.037177918865268667 -0.012664285288407795)
("20210315T052728/4.0" 1 1.1561455965272045 1.3837929047727113 0.0 1.055471459048602 1.3938454224497505 -0.03609287177767202 -0.010709642759186622)
("20210315T052822/4.0" 1 1.2577294262000744 -0.09907807206349446 0.0 1.1364652083166509 -0.08741813171171478 -0.03809310567883553 -0.012935893072549637)
("20210315T052858/4.0" 1 1.2576048754822133 0.24971157657239715 0.0 1.13631580813268 0.2617480751191408 -0.03940703951086893 -0.013058485891187271)
("20210315T052953/4.0" 1 1.2562721444515828 0.7731177523606615 0.0 1.125505936877528 0.7853571481600264 -0.039317706923421306 -0.013140966573668034)
("20210315T053011/4.0" 1 1.2552573735498194 0.9476029963239376 0.0 1.1150552543824364 0.9598141515369976 -0.03873673622527727 -0.013087804328098529)
("20210315T053029/4.0" 1 1.2534343652151492 1.1221051140758806 0.0 1.094621986697638 1.1340536868891704 -0.037901937557890265 -0.012801250896083749)
("20210315T053048/4.0" 1 1.2491729665864029 1.2966349713137377 0.0 1.0446806118822967 1.3076195251500733 -0.03687782068907158 -0.011812518356316914)
("20210315T053106/4.0" 1 1.2277674151770497 1.4712014736481944 0.0 0.803346256760332 1.477238301307591 -0.036369521788430524 -0.0068457526159722)
("20210315T053236/4.0" 1 1.3446284577905145 0.33707352947615954 0.0 1.063804533562249 0.3486981095254707 -0.03944169627054333 -0.012800052132726392)
("20210315T053331/4.0" 1 1.3431167623346307 0.8604704161585416 0.0 1.0489772634348564 0.8722232322293354 -0.03913310810920755 -0.012799144286798292)
("20210315T053349/4.0" 1 1.341845049650896 1.0349612421074625 0.0 1.0344351801072396 1.0466098988374513 -0.03848916902546627 -0.012668811314318074)
("20210315T053407/4.0" 1 1.339276057936962 1.2094775917922709 0.0 1.0035318567726523 1.220648197726869 -0.03759766696624227 -0.012166046335684522)
("20210315T053426/4.0" 1 1.3315548508622945 1.3840272203380608 0.0 0.9085925777153184 1.3933518433372867 -0.036630211020338616 -0.010296433805941918)
("20210315T053458/4.0" 1 1.4326756313901097 0.07573258887970064 0.0 0.9892744366460359 0.0863674435020142 -0.038610170253334075 -0.012320454531669078)
("20210315T053516/4.0" 1 1.4317844737735035 0.25002450865312575 0.0 0.9897643505670707 0.2609495869863534 -0.039141045858219856 -0.012374175555229183)
("20210315T053610/4.0" 1 1.43075670664562 0.7733403074066373 0.0 0.9785357748243652 0.7845136305325375 -0.039371445770813966 -0.012400542824366978)
("20210315T053629/4.0" 1 1.4299084578804966 0.9478197563313814 0.0 0.9678039197867773 0.9589388689171225 -0.03892402589840573 -0.012313121715145536)
("20210315T053647/4.0" 1 1.4282192893695698 1.1223203401025366 0.0 0.9470376432806984 1.1331715974852123 -0.03820568325270386 -0.012017275695439755)
("20210315T053705/4.0" 1 1.424291190677569 1.296852157426956 0.0 0.8962700295974629 1.306858037997428 -0.037308286070761844 -0.011146519018711887)
("20210315T053723/4.0" 1 1.4044757807971695 1.4714224947133823 0.0 0.6519817047164977 1.4766365117815035 -0.03694593282448921 -0.006336896484538501)
("20210315T053849/4.0" 1 1.5183164152392872 0.6862206808567832 0.0 0.9069915871924641 0.6968509781926184 -0.039484373599018865 -0.012054992401271614)
("20210315T053907/4.0" 1 1.5176516476206263 0.8606817646226503 0.0 0.8989726719441761 0.87129087734292 -0.03920356841274338 -0.011983658415122389)
("20210315T053925/4.0" 1 1.5165557461794141 1.03516628420611 0.0 0.8841911294431858 1.0456618359877679 -0.038666861381178086 -0.011833236475841336)
("20210315T053944/4.0" 1 1.5142658537477203 1.2096783302225964 0.0 0.8528341950360052 1.2197085124575953 -0.0379109528707717 -0.0113377228184528)
("20210315T054002/4.0" 1 1.507182953123123 1.3842282144318512 0.0 0.7568899553953728 1.3925161796914318 -0.03705817919708441 -0.009569926654162897)
("20210315T054109/4.0" 1 1.6056775585420782 0.5991431109468639 0.0 0.8333652217629336 0.6091520230042577 -0.03942546205342652 -0.011677403395576769)
("20210315T054127/4.0" 1 1.6052831976478594 0.7735624789574159 0.0 0.8272548240517015 0.7836697638391983 -0.0393387087386788 -0.011684024899878298)
("20210315T054145/4.0" 1 1.6045119888067498 0.9480221565742274 0.0 0.8164172020614426 0.9580937804933068 -0.038975982159221434 -0.011590542721290453)
("20210315T054203/4.0" 1 1.6030401342407736 1.1225098719509952 0.0 0.7953358936253788 1.1323146408224833 -0.038381885701430994 -0.011282304741018656)
("20210315T054222/4.0" 1 1.5995207562075895 1.2970359794580373 0.0 0.7440500916872262 1.3059970670774192 -0.0376030325637825 -0.010406018809765438)
("20210315T054240/4.0" 1 1.5816329210188997 1.4716066150185056 0.0 0.4993847756878303 1.4758080039855817 -0.03732826184718919 -0.005624037551850369)
("20210315T054326/4.0" 1 1.6926454062150862 0.6864905762542962 0.0 0.7529968239658744 0.6959086749294666 -0.039331242776733694 -0.011252365344383009)
("20210315T054344/4.0" 1 1.6921676138102377 0.8608945192358146 0.0 0.7449018123621994 0.8703717869588199 -0.03912599956527914 -0.011201385792046659)
("20210315T054403/4.0" 1 1.691258176255908 1.0353512567227825 0.0 0.7299532418517932 1.0447333208257068 -0.0387087364213634 -0.011039437222536641)
("20210315T054420/4.0" 1 1.6892313189187596 1.2098500082391075 0.0 0.6983912312575035 1.2187871531454675 -0.038043489500183894 -0.010548124542944626)
("20210315T054439/4.0" 1 1.6829780888475212 1.3843931599771264 0.0 0.6019172841888908 1.3915965657085558 -0.037327432674644 -0.008779613760863336)
("20210315T054542/4.0" 1 1.779106230627121 0.9482158642592754 0.0 0.6594768466562623 0.9570711920845634 -0.038880071150291746 -0.010717355019818187)
("20210315T054600/4.0" 1 1.7778853097516958 1.122680868198267 0.0 0.638282440884669 1.1313189304842204 -0.03839038644521926 -0.010424170584833359)
("20210315T054720/4.0" 1 1.8666223059894878 0.8611468164648441 0.0 0.5866077795891721 0.8692952678761897 -0.03893738424144591 -0.0102794691550806)
("20210315T054738/4.0" 1 1.8659509763419007 1.0355264288066435 0.0 0.5717180266745582 1.0436965952500223 -0.03857346006027311 -0.01015371523555575)
("20210315T054757/4.0" 1 1.864307571591146 1.2099875977936656 0.0 0.5400404752837862 1.2177656119342752 -0.038035455517097104 -0.009678053249090324)
("20210315T054815/4.0" 1 1.858877876150115 1.3845156227766926 0.0 0.44385346034420153 1.3906204030579157 -0.03741109758153577 -0.007950021307768784)
("20210315T054847/4.0" 1 1.9537386089143016 0.9484419559831788 0.0 0.49893151368108746 0.9560060176420712 -0.038668179545932754 -0.009810095165245225)
("20210315T055429/4.0" 1 1.95389234787771 1.122824082349047 0.0 0.500548386700135 1.1298423819370333 -0.03818436080945299 -0.00908361329125107)
("20210315T055448/4.0" 1 1.9502030814722673 1.2972965431390908 0.0 0.450662513355007 1.30352515725782 -0.03760378260674508 -0.008203665029989482)
("20210315T055505/4.0" 1 1.9367680516261903 1.4718408027521233 0.0 0.2112452278834329 1.4735052165705003 -0.03753088794817194 -0.0035844949042265206)
("20210315T055529/4.0" 1 2.041205170785682 0.8615693003401744 0.0 0.4480049005029953 0.8679874926676704 -0.038644194978829774 -0.009111948682018034)
("20210315T055547/4.0" 1 2.040603807706254 1.0357125518089072 0.0 0.4336806342660274 1.0424926671319965 -0.03827959691521031 -0.00908767733998972)
("20210315T055605/4.0" 1 2.039341256296669 1.2101005584344622 0.0 0.40225685374849546 1.2165875146891791 -0.037794523842172 -0.008634100696629288)
("20210315T055624/4.0" 1 2.03489471470894 1.3845949636718886 0.0 0.30691161110714765 1.3894985054147335 -0.03727812588577243 -0.006961749690211683)
("20210315T055646/4.0" 1 2.1282616484597683 0.9487770881747544 0.0 0.36002634356846513 0.9547193609175011 -0.038333932796400925 -0.00866672203514629)
("20210315T055703/4.0" 1 2.127546770802036 1.1229548968217917 0.0 0.33945833646541274 1.1290803711856126 -0.03790924269038956 -0.008489574711298742)
("20210315T055721/4.0" 1 2.1256089269611618 1.2973666801495591 0.0 0.28873365788177635 1.3028296435509001 -0.03740319419954119 -0.007673277913487153)
("20210315T055740/4.0" 1 2.114641773928751 1.4718831576661 0.0 0.051725973975505546 1.472991217105788 -0.03739025205978641 -0.0032329276373919136)
("20210315T055802/4.0" 1 2.215499391530289 1.0359413279991894 0.0 0.26964656264904113 1.041383335859429 -0.0379825930039665 -0.008149286816809154)
("20210315T055820/4.0" 1 2.2144360445702422 1.210183009901811 0.0 0.23892405542496054 1.2155474729879157 -0.03751935830151649 -0.007757804231638188)
("20210315T055838/4.0" 1 2.2109787501483904 1.3846215100616341 0.0 0.14493057028928233 1.3885417159187903 -0.03704302072400182 -0.0061727338048260805)
("20210315T055918/4.0" 1 2.302443292058775 1.1230872878859017 0.0 0.17615451060746087 1.1281754179684536 -0.0374999033090906 -0.007749418321125967)
("20210315T055937/4.0" 1 2.3010780065469794 1.2973919482219818 0.0 0.12617334228517407 1.3020259194303565 -0.03704934952035833 -0.007034858213487816)
("20210315T055955/4.0" 1 2.2924985798320674 1.4718716101996132 0.0 6.176793526636516 1.4724025175490902 -0.03703854268011387 -0.0028072432583741147)
("20210315T060018/4.0" 1 2.390135519548285 1.0362810621331282 0.0 0.10638602095653875 1.0404209613098794 -0.037483374793796605 -0.007349361521596487)
("20210315T060036/4.0" 1 2.3895287875360984 1.2102263448590689 0.0 0.07628834160467216 1.2147275173053287 -0.03704361548526999 -0.007103526519549597)
("20210315T060055/4.0" 1 2.3870489371501717 1.3845988412344357 0.0 6.267145556820833 1.3878219421352678 -0.03662256754018537 -0.005614549300573701)
("20210315T060115/4.0" 1 2.477417236734725 1.1232233008490944 0.0 0.011719711394216724 1.1271739480436591 -0.03700291163262606 -0.006906971825972219)
("20210315T060133/4.0" 1 2.476503879007272 1.2973694924476702 0.0 6.246092697251577 1.3010829180355041 -0.03655889981577785 -0.00625101938972894)
("20210315T060151/4.0" 1 2.470331864696637 1.471805904689199 0.0 6.018684149698349 1.4716844890948197 -0.036616817206567016 -0.0022469152049462426)
("20210315T060211/4.0" 1 2.5648311745429666 1.2102338869312756 0.0 6.194003171192881 1.2138086014541536 -0.03649309648573003 -0.0063386208427749224)
("20210315T060229/4.0" 1 2.563042425112559 1.3845253805989266 0.0 6.104036858773254 1.386975806513901 -0.03609005068827167 -0.004919102229379746)
("20210315T060248/4.0" 1 2.6523789947855274 1.1233569702305275 0.0 6.129291773049612 1.1262894151787486 -0.03634840731104229 -0.006168434262737721)
("20210315T060306/4.0" 1 2.6519592379871533 1.2972985458362307 0.0 6.08173434345957 1.3002938546806775 -0.03592536436934383 -0.005605203794470048)
("20210315T060325/4.0" 1 2.6479990109197615 1.4716890238752773 0.0 5.860732899590414 1.4711642064448003 -0.035968714036517184 -0.0018711573571392748)
("20210315T060345/4.0" 1 2.740003130572286 1.2101945147577202 0.0 6.029029937905396 1.2130357696613705 -0.03580024570534487 -0.005701057388365127)
("20210315T060404/4.0" 1 2.7390739217100237 1.3843961853281253 0.0 5.941701865183084 1.386328987493112 -0.035391089093739475 -0.004410408397174992)
("20210315T060423/4.0" 1 2.827471993414848 1.1234524605345735 0.0 5.964073146469298 1.125558296755088 -0.035577955349601266 -0.005564414440429877)
("20210315T060441/4.0" 1 2.8274043278178715 1.2971683705221475 0.0 5.917908140556497 1.2996568095036996 -0.03517176302082491 -0.0050967354255175845)
("20210315T060500/4.0" 1 2.825404144702201 1.4715204990414972 0.0 5.70402973443058 1.4708346882820238 -0.035157690639640526 -0.001670914315742289)
("20210315T060520/4.0" 1 2.9152277958859 1.210085389068893 0.0 5.8644693004530835 1.2124360745303855 -0.03498227386855459 -0.005218620917519345)
("20210315T060538/4.0" 1 2.914867864338254 1.3842161556384356 0.0 5.779704243737326 1.3859226748432478 -0.034612854844445505 -0.0041213641093409414)
("20210315T060616/4.0" 1 3.0028147326385524 1.296980500486209 0.0 5.754150354560101 1.2992829599779225 -0.03436550208099551 -0.004827645898876964)
("20210315T060634/4.0" 1 3.0024288938598214 1.4713072757119814 0.0 5.546477292056725 1.4707437566279948 -0.034363030118056075 -0.0016871435855154715)
("20210315T060654/4.0" 1 3.0904669914064224 1.2098929597011683 0.0 5.699832043046608 1.2121117923553648 -0.034151056930619914 -0.004986628900138346)
("20210315T060712/4.0" 1 3.0905850227059344 1.3839887429866315 0.0 5.618144874466742 1.38562300181068 -0.03373343832422224 -0.003914144095925165)

(IH ID CH NP MA ME TF FO DAF)
9
;; number of pointings:
;; 250
;; number of parameters:
;; 9
;; root-mean-square-residual:
;; 296.99162732732066 arcsec
0.0014398560410326978
;; root-mean-square-x-residual:
;; 96.82398424743722 arcsec
0.00046941592222691765
;; root-mean-square-y-residual:
;; 280.7652805761107 arcsec
0.0013611884920385591
;; max-residual:
;; 1036.233684230342 arcsec
0.005023802669414087
;; max-x-residual:
;; 334.57294284247496 arcsec
0.0016220554001911067
;; max-y-residual:
;; 1017.8381433391751 arcsec
0.00493461857045961
;; p:
 IH -1737.5209964183014 arcsec
 ID -1702.1603186946911 arcsec
 CH -6170.825277461424 arcsec
 NP 77.55763142828238 arcsec
 MA -409.2128885605621 arcsec
 ME -1207.4391847550246 arcsec
 TF 101.09122277285026 arcsec
 FO 92.28128937932456 arcsec
 DAF 363.7930704552632 arcsec
(-0.008423739502786656 -0.008252306099449542 -0.029917005182498468 0.00037601000790882217 -0.0019839200686051243 -0.005853830358769806 0.0004901040784036968 0.0004473923160152467 0.0017637185764955692)
;; dp:
;; IH 0.2079430575884324 arcsec
;; ID 0.08968395401897986 arcsec
;; CH 0.1650390717509958 arcsec
;; NP 0.14886995408601755 arcsec
;; MA 0.07432955798209502 arcsec
;; ME 0.1538342419931197 arcsec
;; TF 0.035012047787824394 arcsec
;; FO 0.16776655908840152 arcsec
;; DAF 0.15885756062502124 arcsec
(1.0081363921062014e-06 4.3480007884399985e-07 8.001319990250111e-07 7.217419044704978e-07 3.603598662054418e-07 7.458094514137953e-07 1.697431977119813e-07 8.133552307872842e-07 7.701631873869783e-07)
{
  IH -0.008423739502786656
  ID -0.008252306099449542
  CH -0.029917005182498468
  NP 0.00037601000790882217
  MA -0.0019839200686051243
  ME -0.005853830358769806
  TF 0.0004901040784036968
  FO 0.0004473923160152467
  DAF 0.0017637185764955692
}

;; 20210315T042158/4.0	1	2	-36	0	-7640	-2818	-7974	-3018	335	200
;; 20210315T042215/4.0	1	2	-26	0	-7828	-2835	-8119	-3001	291	166
;; 20210315T042252/4.0	1	2	-6	0	-8024	-2903	-8228	-2953	204	50
;; 20210315T042311/4.0	1	2	4	0	-8026	-2942	-8189	-2923	163	-19
;; 20210315T042328/4.0	1	2	14	0	-7961	-2986	-8088	-2890	128	-96
;; 20210315T042346/4.0	1	2	24	0	-7830	-3027	-7929	-2856	99	-171
;; 20210315T042442/4.0	1	2	54	0	-7103	-2952	-7155	-2751	52	-201
;; 20210315T042459/4.0	1	2	64	0	-6774	-2753	-6823	-2719	50	-34
;; 20210315T042518/4.0	1	2	74	0	-6413	-2579	-6469	-2690	56	111
;; 20210315T042536/4.0	1	0	84	0	-6095	-1867	-6086	-2658	-8	790
;; 20210315T042638/4.0	1	7	-41	0	-7495	-2869	-7794	-3051	299	182
;; 20210315T042656/4.0	1	7	-31	0	-7722	-2885	-7982	-3037	260	152
;; 20210315T042733/4.0	1	7	-11	0	-8005	-2954	-8187	-2994	182	40
;; 20210315T042751/4.0	1	7	-1	0	-8054	-2987	-8198	-2966	144	-21
;; 20210315T042809/4.0	1	7	9	0	-8034	-3030	-8146	-2935	113	-95
;; 20210315T042827/4.0	1	7	19	0	-7948	-3071	-8034	-2901	86	-170
;; 20210315T042845/4.0	1	7	29	0	-7799	-3108	-7864	-2866	66	-242
;; 20210315T042903/4.0	1	7	39	0	-7593	-3107	-7642	-2831	49	-276
;; 20210315T042921/4.0	1	7	49	0	-7331	-3018	-7374	-2797	43	-221
;; 20210315T042939/4.0	1	7	59	0	-7020	-2899	-7069	-2764	48	-135
;; 20210315T042958/4.0	1	7	69	0	-6679	-2722	-6733	-2734	54	11
;; 20210315T043016/4.0	1	6	79	0	-6320	-2422	-6373	-2706	53	284
;; 20210315T043058/4.0	1	12	-46	0	-7348	-2858	-7583	-3073	235	215
;; 20210315T043116/4.0	1	12	-36	0	-7607	-2857	-7812	-3062	205	205
;; 20210315T043135/4.0	1	12	-26	0	-7816	-2873	-7989	-3046	173	173
;; 20210315T043153/4.0	1	12	-16	0	-7967	-2898	-8109	-3025	142	127
;; 20210315T043211/4.0	1	12	-6	0	-8058	-2939	-8170	-2999	112	60
;; 20210315T043230/4.0	1	12	4	0	-8084	-2978	-8168	-2970	85	-8
;; 20210315T043249/4.0	1	12	14	0	-8041	-3021	-8105	-2938	64	-83
;; 20210315T043307/4.0	1	12	24	0	-7935	-3062	-7982	-2904	47	-158
;; 20210315T043325/4.0	1	12	34	0	-7768	-3098	-7802	-2869	35	-229
;; 20210315T043343/4.0	1	12	44	0	-7543	-3081	-7572	-2835	28	-247
;; 20210315T043402/4.0	1	12	54	0	-7268	-2992	-7297	-2801	29	-190
;; 20210315T043420/4.0	1	12	64	0	-6943	-2843	-6986	-2770	43	-73
;; 20210315T043438/4.0	1	12	74	0	-6594	-2647	-6645	-2742	52	95
;; 20210315T043456/4.0	1	10	84	0	-6298	-1877	-6269	-2713	-30	836
;; 20210315T043558/4.0	1	17	-41	0	-7451	-2906	-7613	-3075	162	169
;; 20210315T043615/4.0	1	17	-31	0	-7695	-2924	-7830	-3063	135	138
;; 20210315T043634/4.0	1	17	-21	0	-7888	-2950	-7996	-3045	108	94
;; 20210315T043652/4.0	1	17	-11	0	-8021	-2988	-8105	-3022	85	34
;; 20210315T043710/4.0	1	17	-1	0	-8093	-3022	-8154	-2995	61	-27
;; 20210315T043728/4.0	1	17	9	0	-8098	-3062	-8141	-2965	43	-97
;; 20210315T043746/4.0	1	17	19	0	-8037	-3102	-8066	-2932	29	-170
;; 20210315T043804/4.0	1	17	29	0	-7913	-3138	-7932	-2898	19	-240
;; 20210315T043822/4.0	1	17	39	0	-7728	-3137	-7743	-2864	15	-272
;; 20210315T043841/4.0	1	17	49	0	-7488	-3050	-7504	-2831	16	-219
;; 20210315T043859/4.0	1	17	59	0	-7199	-2956	-7222	-2799	23	-157
;; 20210315T043917/4.0	1	17	69	0	-6868	-2794	-6905	-2770	37	-24
;; 20210315T043936/4.0	1	16	79	0	-6522	-2458	-6557	-2743	35	285
;; 20210315T044018/4.0	1	22	-46	0	-7286	-2883	-7385	-3077	99	194
;; 20210315T044037/4.0	1	22	-36	0	-7557	-2890	-7641	-3068	84	178
;; 20210315T044055/4.0	1	22	-26	0	-7784	-2904	-7849	-3053	65	148
;; 20210315T044114/4.0	1	22	-16	0	-7957	-2927	-8005	-3033	48	106
;; 20210315T044132/4.0	1	22	-6	0	-8075	-2966	-8103	-3009	28	43
;; 20210315T044203/4.0	1	22	14	0	-8108	-3041	-8115	-2951	8	-90
;; 20210315T044220/4.0	1	22	24	0	-8027	-3079	-8029	-2919	3	-161
;; 20210315T044239/4.0	1	22	34	0	-7883	-3112	-7885	-2885	1	-226
;; 20210315T044257/4.0	1	22	44	0	-7682	-3103	-7686	-2852	4	-251
;; 20210315T044315/4.0	1	22	54	0	-7428	-3016	-7438	-2820	11	-196
;; 20210315T044333/4.0	1	22	64	0	-7129	-2904	-7149	-2790	20	-114
;; 20210315T044853/4.0	1	22	74	0	-6796	-2520	-6825	-2763	29	243
;; 20210315T044911/4.0	1	20	84	0	-6511	-1734	-6457	-2739	-54	1005
;; 20210315T044955/4.0	1	27	-51	0	-7094	-2857	-7138	-3066	44	209
;; 20210315T045013/4.0	1	27	-41	0	-7391	-2888	-7425	-3061	34	173
;; 20210315T045032/4.0	1	27	-31	0	-7648	-2910	-7672	-3050	23	140
;; 20210315T045050/4.0	1	27	-21	0	-7860	-2936	-7871	-3033	11	97
;; 20210315T045108/4.0	1	27	-11	0	-8017	-2972	-8016	-3012	-1	41
;; 20210315T045127/4.0	1	27	-1	0	-8115	-3004	-8103	-2988	-12	-16
;; 20210315T045145/4.0	1	27	9	0	-8145	-3040	-8128	-2959	-17	-80
;; 20210315T045203/4.0	1	27	19	0	-8111	-3077	-8092	-2929	-19	-148
;; 20210315T045220/4.0	1	27	29	0	-8014	-3106	-7994	-2897	-19	-209
;; 20210315T045239/4.0	1	27	39	0	-7854	-3094	-7839	-2865	-15	-230
;; 20210315T045257/4.0	1	27	49	0	-7638	-3000	-7630	-2833	-7	-168
;; 20210315T045315/4.0	1	27	59	0	-7370	-2905	-7374	-2802	3	-103
;; 20210315T045333/4.0	1	27	69	0	-7060	-2764	-7076	-2775	17	11
;; 20210315T045352/4.0	1	26	79	0	-6734	-2424	-6742	-2750	9	327
;; 20210315T045434/4.0	1	32	-46	0	-7212	-2851	-7185	-3041	-28	190
;; 20210315T045453/4.0	1	32	-36	0	-7494	-2864	-7466	-3034	-28	170
;; 20210315T045511/4.0	1	32	-26	0	-7739	-2878	-7705	-3022	-34	144
;; 20210315T045529/4.0	1	32	-16	0	-7933	-2897	-7895	-3004	-38	107
;; 20210315T045605/4.0	1	32	4	0	-8147	-2966	-8105	-2957	-42	-9
;; 20210315T045624/4.0	1	32	14	0	-8158	-3003	-8118	-2929	-40	-74
;; 20210315T045700/4.0	1	32	34	0	-7990	-3064	-7961	-2868	-29	-196
;; 20210315T045718/4.0	1	32	44	0	-7813	-3047	-7794	-2837	-19	-210
;; 20210315T045737/4.0	1	32	54	0	-7583	-2957	-7575	-2807	-8	-151
;; 20210315T045755/4.0	1	32	64	0	-7302	-2840	-7309	-2778	7	-62
;; 20210315T045813/4.0	1	32	74	0	-6991	-2637	-7002	-2753	11	116
;; 20210315T045831/4.0	1	30	84	0	-6737	-1779	-6646	-2733	-91	955
;; 20210315T045914/4.0	1	37	-41	0	-7323	-2845	-7236	-3007	-88	162
;; 20210315T045932/4.0	1	37	-31	0	-7593	-2850	-7512	-2998	-82	148
;; 20210315T045950/4.0	1	37	-21	0	-7821	-2867	-7742	-2985	-79	117
;; 20210315T050009/4.0	1	37	-11	0	-7997	-2896	-7922	-2966	-75	70
;; 20210315T050027/4.0	1	37	-1	0	-8117	-2920	-8046	-2944	-71	24
;; 20210315T050045/4.0	1	37	9	0	-8173	-2950	-8109	-2919	-64	-31
;; 20210315T050103/4.0	1	37	19	0	-8164	-2980	-8110	-2891	-54	-89
;; 20210315T050121/4.0	1	37	29	0	-8093	-3010	-8049	-2862	-44	-147
;; 20210315T050140/4.0	1	37	39	0	-7959	-3036	-7928	-2832	-32	-204
;; 20210315T050158/4.0	1	37	49	0	-7770	-2995	-7749	-2803	-20	-193
;; 20210315T050217/4.0	1	37	59	0	-7526	-2898	-7519	-2774	-7	-124
;; 20210315T050235/4.0	1	37	69	0	-7238	-2753	-7243	-2748	5	-5
;; 20210315T050253/4.0	1	36	79	0	-6932	-2395	-6924	-2726	-8	331
;; 20210315T050333/4.0	1	42	-36	0	-7427	-2833	-7292	-2962	-135	130
;; 20210315T050351/4.0	1	42	-26	0	-7682	-2835	-7561	-2953	-121	119
;; 20210315T050410/4.0	1	42	-16	0	-7892	-2845	-7783	-2939	-110	94
;; 20210315T050427/4.0	1	42	-6	0	-8051	-2874	-7952	-2920	-99	46
;; 20210315T050446/4.0	1	42	4	0	-8153	-2899	-8064	-2898	-89	-1
;; 20210315T050504/4.0	1	42	14	0	-8190	-2928	-8115	-2873	-76	-54
;; 20210315T050522/4.0	1	42	24	0	-8164	-2954	-8103	-2846	-61	-108
;; 20210315T050540/4.0	1	42	34	0	-8074	-2980	-8028	-2818	-46	-161
;; 20210315T050558/4.0	1	42	44	0	-7924	-2992	-7894	-2790	-30	-203
;; 20210315T050616/4.0	1	42	54	0	-7720	-2943	-7703	-2762	-17	-181
;; 20210315T050635/4.0	1	42	64	0	-7466	-2823	-7460	-2735	-6	-88
;; 20210315T050653/4.0	1	42	74	0	-7170	-2612	-7172	-2712	2	100
;; 20210315T050711/4.0	1	40	84	0	-6948	-1715	-6830	-2697	-118	982
;; 20210315T050811/4.0	1	47	-31	0	-7510	-2847	-7355	-2911	-155	64
;; 20210315T050829/4.0	1	47	-21	0	-7752	-2865	-7614	-2900	-138	35
;; 20210315T050848/4.0	1	47	-11	0	-7950	-2892	-7826	-2885	-123	-7
;; 20210315T050906/4.0	1	47	-1	0	-8092	-2911	-7984	-2867	-108	-44
;; 20210315T050924/4.0	1	47	9	0	-8175	-2937	-8084	-2845	-92	-92
;; 20210315T050942/4.0	1	47	19	0	-8195	-2963	-8121	-2821	-75	-142
;; 20210315T051001/4.0	1	47	29	0	-8153	-2986	-8095	-2795	-58	-191
;; 20210315T051019/4.0	1	47	39	0	-8047	-3006	-8006	-2768	-41	-238
;; 20210315T051037/4.0	1	47	49	0	-7884	-2978	-7857	-2741	-27	-238
;; 20210315T051114/4.0	1	47	69	0	-7405	-2727	-7398	-2691	-7	-36
;; 20210315T051132/4.0	1	46	79	0	-7128	-2355	-7096	-2671	-32	316
;; 20210315T051230/4.0	1	52	-26	0	-7598	-2817	-7420	-2850	-178	33
;; 20210315T051248/4.0	1	52	-16	0	-7825	-2828	-7671	-2839	-154	11
;; 20210315T051306/4.0	1	52	-6	0	-8008	-2854	-7873	-2824	-135	-30
;; 20210315T051324/4.0	1	52	4	0	-8130	-2875	-8018	-2806	-112	-69
;; 20210315T051343/4.0	1	52	14	0	-8195	-2899	-8104	-2785	-92	-114
;; 20210315T051420/4.0	1	52	34	0	-8135	-2938	-8085	-2737	-51	-201
;; 20210315T051438/4.0	1	52	44	0	-8017	-2956	-7981	-2712	-36	-245
;; 20210315T051457/4.0	1	52	54	0	-7839	-2917	-7817	-2686	-22	-231
;; 20210315T051515/4.0	1	52	64	0	-7609	-2795	-7599	-2662	-10	-132
;; 20210315T051533/4.0	1	52	74	0	-7344	-2576	-7330	-2641	-14	65
;; 20210315T051551/4.0	1	50	84	0	-7163	-1631	-7003	-2631	-160	1000
;; 20210315T051631/4.0	1	57	-31	0	-7438	-2776	-7205	-2788	-233	12
;; 20210315T051650/4.0	1	57	-21	0	-7677	-2792	-7491	-2782	-187	-10
;; 20210315T051708/4.0	1	57	-11	0	-7889	-2812	-7732	-2771	-158	-41
;; 20210315T051727/4.0	1	57	-1	0	-8052	-2823	-7921	-2757	-131	-66
;; 20210315T051745/4.0	1	57	9	0	-8159	-2843	-8053	-2739	-107	-103
;; 20210315T051803/4.0	1	57	19	0	-8207	-2862	-8123	-2719	-84	-143
;; 20210315T051821/4.0	1	57	29	0	-8188	-2878	-8129	-2697	-59	-181
;; 20210315T051839/4.0	1	57	39	0	-8113	-2894	-8072	-2674	-41	-220
;; 20210315T051858/4.0	1	57	49	0	-7976	-2892	-7951	-2650	-25	-242
;; 20210315T051916/4.0	1	57	59	0	-7786	-2839	-7772	-2626	-14	-212
;; 20210315T051934/4.0	1	57	69	0	-7551	-2679	-7538	-2604	-13	-75
;; 20210315T051952/4.0	1	56	79	0	-7296	-2290	-7253	-2587	-43	297
;; 20210315T052031/4.0	1	62	-26	0	-7523	-2738	-7288	-2714	-235	-24
;; 20210315T052049/4.0	1	62	-16	0	-7747	-2748	-7565	-2708	-183	-40
;; 20210315T052107/4.0	1	62	-6	0	-7941	-2767	-7794	-2698	-147	-69
;; 20210315T052126/4.0	1	62	4	0	-8089	-2783	-7970	-2684	-119	-100
;; 20210315T052144/4.0	1	62	14	0	-8178	-2801	-8086	-2667	-91	-133
;; 20210315T052202/4.0	1	62	24	0	-8206	-2814	-8140	-2648	-66	-166
;; 20210315T052220/4.0	1	62	34	0	-8173	-2828	-8129	-2627	-44	-201
;; 20210315T052239/4.0	1	62	44	0	-8080	-2836	-8053	-2605	-26	-231
;; 20210315T052257/4.0	1	62	54	0	-7931	-2828	-7916	-2583	-15	-245
;; 20210315T052316/4.0	1	62	64	0	-7730	-2739	-7720	-2561	-10	-178
;; 20210315T052335/4.0	1	62	74	0	-7490	-2510	-7470	-2542	-20	32
;; 20210315T052353/4.0	1	60	84	0	-7328	-1531	-7160	-2536	-169	1005
;; 20210315T052450/4.0	1	67	-11	0	-7809	-2723	-7641	-2628	-168	-94
;; 20210315T052508/4.0	1	67	-1	0	-7985	-2730	-7857	-2618	-128	-111
;; 20210315T052526/4.0	1	67	9	0	-8112	-2742	-8018	-2606	-95	-137
;; 20210315T052544/4.0	1	67	19	0	-8183	-2755	-8117	-2590	-66	-166
;; 20210315T052602/4.0	1	67	29	0	-8197	-2764	-8152	-2572	-44	-192
;; 20210315T052621/4.0	1	67	39	0	-8148	-2778	-8123	-2552	-26	-226
;; 20210315T052652/4.0	1	67	59	0	-7878	-2743	-7873	-2511	-6	-232
;; 20210315T052709/4.0	1	67	69	0	-7668	-2612	-7659	-2492	-10	-120
;; 20210315T052728/4.0	1	66	79	0	-7445	-2209	-7391	-2477	-54	268
;; 20210315T052822/4.0	1	72	-6	0	-7857	-2668	-7718	-2544	-139	-124
;; 20210315T052858/4.0	1	72	14	0	-8128	-2694	-8063	-2523	-66	-171
;; 20210315T052953/4.0	1	72	44	0	-8110	-2711	-8109	-2473	-1	-237
;; 20210315T053011/4.0	1	72	54	0	-7990	-2700	-7995	-2454	5	-245
;; 20210315T053029/4.0	1	72	64	0	-7818	-2640	-7820	-2435	2	-205
;; 20210315T053048/4.0	1	72	74	0	-7607	-2437	-7588	-2418	-19	-18
;; 20210315T053106/4.0	1	70	84	0	-7502	-1412	-7295	-2415	-207	1003
;; 20210315T053236/4.0	1	77	19	0	-8135	-2640	-8103	-2437	-33	-204
;; 20210315T053331/4.0	1	77	49	0	-8072	-2640	-8086	-2391	14	-249
;; 20210315T053349/4.0	1	77	59	0	-7939	-2613	-7951	-2373	12	-240
;; 20210315T053407/4.0	1	77	69	0	-7755	-2509	-7756	-2356	1	-153
;; 20210315T053426/4.0	1	76	79	0	-7556	-2124	-7504	-2343	-51	219
;; 20210315T053458/4.0	1	82	4	0	-7964	-2541	-7869	-2363	-95	-178
;; 20210315T053516/4.0	1	82	14	0	-8073	-2552	-8034	-2357	-40	-195
;; 20210315T053610/4.0	1	82	44	0	-8121	-2558	-8146	-2321	25	-237
;; 20210315T053629/4.0	1	82	54	0	-8029	-2540	-8052	-2305	24	-235
;; 20210315T053647/4.0	1	82	64	0	-7880	-2479	-7896	-2289	15	-190
;; 20210315T053705/4.0	1	82	74	0	-7695	-2299	-7680	-2274	-15	-25
;; 20210315T053723/4.0	1	80	84	0	-7621	-1307	-7404	-2272	-216	965
;; 20210315T053849/4.0	1	87	39	0	-8144	-2487	-8175	-2244	31	-242
;; 20210315T053907/4.0	1	87	49	0	-8086	-2472	-8123	-2231	36	-241
;; 20210315T053925/4.0	1	87	59	0	-7976	-2441	-8006	-2216	30	-224
;; 20210315T053944/4.0	1	87	69	0	-7820	-2339	-7827	-2201	7	-137
;; 20210315T054002/4.0	1	86	79	0	-7644	-1974	-7591	-2190	-53	216
;; 20210315T054109/4.0	1	92	34	0	-8132	-2409	-8174	-2162	42	-247
;; 20210315T054127/4.0	1	92	44	0	-8114	-2410	-8163	-2151	49	-259
;; 20210315T054145/4.0	1	92	54	0	-8039	-2391	-8086	-2139	46	-252
;; 20210315T054203/4.0	1	92	64	0	-7917	-2327	-7945	-2125	28	-202
;; 20210315T054222/4.0	1	92	74	0	-7756	-2146	-7744	-2112	-12	-34
;; 20210315T054240/4.0	1	91	84	0	-7700	-1160	-7485	-2111	-215	951
;; 20210315T054326/4.0	1	97	39	0	-8113	-2321	-8174	-2067	62	-254
;; 20210315T054344/4.0	1	97	49	0	-8070	-2310	-8137	-2057	66	-253
;; 20210315T054403/4.0	1	97	59	0	-7984	-2277	-8034	-2046	50	-232
;; 20210315T054420/4.0	1	97	69	0	-7847	-2176	-7869	-2033	22	-143
;; 20210315T054439/4.0	1	96	79	0	-7699	-1811	-7646	-2022	-53	211
;; 20210315T054542/4.0	1	102	54	0	-8020	-2211	-8095	-1962	75	-249
;; 20210315T054600/4.0	1	102	64	0	-7919	-2150	-7966	-1951	48	-200
;; 20210315T054720/4.0	1	107	49	0	-8031	-2120	-8128	-1875	97	-246
;; 20210315T054738/4.0	1	107	59	0	-7956	-2094	-8036	-1866	79	-229
;; 20210315T054757/4.0	1	107	69	0	-7845	-1996	-7882	-1855	36	-141
;; 20210315T054815/4.0	1	107	79	0	-7717	-1640	-7670	-1845	-46	206
;; 20210315T054847/4.0	1	112	54	0	-7976	-2023	-8079	-1778	103	-245
;; 20210315T055429/4.0	1	112	64	0	-7876	-1874	-7959	-1768	83	-105
;; 20210315T055448/4.0	1	112	74	0	-7756	-1692	-7780	-1759	23	67
;; 20210315T055505/4.0	1	111	84	0	-7741	-739	-7547	-1757	-194	1018
;; 20210315T055529/4.0	1	117	49	0	-7971	-1879	-8097	-1689	126	-191
;; 20210315T055547/4.0	1	117	59	0	-7896	-1874	-8011	-1683	115	-192
;; 20210315T055605/4.0	1	117	69	0	-7796	-1781	-7864	-1674	68	-107
;; 20210315T055624/4.0	1	117	79	0	-7689	-1436	-7661	-1664	-28	228
;; 20210315T055646/4.0	1	122	54	0	-7907	-1788	-8038	-1595	131	-193
;; 20210315T055703/4.0	1	122	64	0	-7819	-1751	-7923	-1588	104	-163
;; 20210315T055721/4.0	1	122	74	0	-7715	-1583	-7750	-1579	35	-4
;; 20210315T055740/4.0	1	121	84	0	-7712	-667	-7527	-1575	-186	908
;; 20210315T055802/4.0	1	127	59	0	-7834	-1681	-7959	-1502	125	-179
;; 20210315T055820/4.0	1	127	69	0	-7739	-1600	-7816	-1494	77	-106
;; 20210315T055838/4.0	1	127	79	0	-7641	-1273	-7619	-1485	-22	212
;; 20210315T055918/4.0	1	132	64	0	-7735	-1598	-7860	-1411	125	-187
;; 20210315T055937/4.0	1	132	74	0	-7642	-1451	-7690	-1403	48	-49
;; 20210315T055955/4.0	1	131	84	0	-7640	-579	-7473	-1397	-167	818
;; 20210315T060018/4.0	1	137	59	0	-7732	-1516	-7883	-1329	152	-187
;; 20210315T060036/4.0	1	137	69	0	-7641	-1465	-7740	-1322	99	-143
;; 20210315T060055/4.0	1	137	79	0	-7554	-1158	-7546	-1313	-8	155
;; 20210315T060115/4.0	1	142	64	0	-7632	-1425	-7770	-1244	138	-180
;; 20210315T060133/4.0	1	142	74	0	-7541	-1289	-7600	-1237	60	-53
;; 20210315T060151/4.0	1	142	84	0	-7553	-463	-7386	-1229	-166	765
;; 20210315T060211/4.0	1	147	69	0	-7527	-1307	-7637	-1163	110	-144
;; 20210315T060229/4.0	1	147	79	0	-7444	-1015	-7443	-1154	-1	139
;; 20210315T060248/4.0	1	152	64	0	-7497	-1272	-7659	-1093	161	-179
;; 20210315T060306/4.0	1	152	74	0	-7410	-1156	-7485	-1086	75	-70
;; 20210315T060325/4.0	1	152	84	0	-7419	-386	-7271	-1076	-148	690
;; 20210315T060345/4.0	1	157	69	0	-7384	-1176	-7512	-1022	128	-154
;; 20210315T060404/4.0	1	157	79	0	-7300	-910	-7315	-1012	15	103
;; 20210315T060423/4.0	1	162	64	0	-7338	-1148	-7527	-962	189	-186
;; 20210315T060441/4.0	1	162	74	0	-7255	-1051	-7347	-955	92	-96
;; 20210315T060500/4.0	1	162	84	0	-7252	-345	-7130	-944	-122	599
;; 20210315T060520/4.0	1	167	69	0	-7216	-1076	-7368	-902	152	-174
;; 20210315T060538/4.0	1	167	79	0	-7139	-850	-7165	-893	25	43
;; 20210315T060616/4.0	1	172	74	0	-7088	-996	-7190	-848	102	-148
;; 20210315T060634/4.0	1	172	84	0	-7088	-348	-6968	-836	-120	488
;; 20210315T060654/4.0	1	177	69	0	-7044	-1029	-7209	-808	164	-221
;; 20210315T060712/4.0	1	177	79	0	-6958	-807	-6997	-799	39	-9
