("20210315T023835/4.0" 1 -3.090808259519404 1.1447382762365887 3.141592653589793 4.840697383943829 1.1274455212752694 0.023645478620108084 0.015466702845600588)
("20210315T023853/4.0" 1 -3.0877412353763365 1.318223151673276 3.141592653589793 4.88237776634363 1.3015934268417124 0.025368238224176696 0.015860058782138697)
("20210315T023912/4.0" 1 -3.0653915614026173 1.4924981124368797 3.141592653589793 5.064604801017555 1.4732601723435204 0.027544350776477895 0.01873500350597679)
("20210315T023932/4.0" 1 -3.0028805233683764 1.2311080844552087 3.141592653589793 4.77456406605896 1.214442505038478 0.024912651673889206 0.015769858532112657)
("20210315T023950/4.0" 1 -2.9944716241843845 1.4051811563028958 3.141592653589793 4.849397326666245 1.3879414971890294 0.026791992447248225 0.016816066872422653)
("20210315T024027/4.0" 1 -2.912702266959211 1.317912264900265 3.141592653589793 4.717832487788735 1.301154651067761 0.026285223823260484 0.016355994858437084)
("20210315T024045/4.0" 1 -2.889230059933379 1.492202437640015 3.141592653589793 4.903899944948749 1.4726672839966177 0.02849141268932999 0.019384801435663013)
("20210315T024105/4.0" 1 -2.828133778291344 1.2307340061958518 3.141592653589793 4.60957687013746 1.2140747641650826 0.02587831826682294 0.016184569251243897)
("20210315T024143/4.0" 1 -2.742373514383021 1.1437541849505826 3.141592653589793 4.511014985684687 1.1267480877061726 0.025523478085118505 0.016258289985415342)
("20210315T024202/4.0" 1 -2.7380133018251884 1.317557787506531 3.141592653589793 4.553837860612844 1.3008961678055406 0.027300955568842655 0.01665148848534259)
("20210315T024220/4.0" 1 -2.713755824467691 1.491880301674559 3.141592653589793 4.74465627852971 1.4722304280848437 0.029536630156856244 0.01985930495663668)
("20210315T024258/4.0" 1 -2.6447217461858537 1.4045180931073318 3.141592653589793 4.523819942807793 1.3872889185817088 0.02878341728333748 0.017542779462932145)
("20210315T024318/4.0" 1 -2.5681367326968045 1.1431515009432534 3.141592653589793 4.345951867940725 1.1267044544748726 0.02654188963728408 0.016317745576593046)
("20210315T024337/4.0" 1 -2.5636813707195456 1.3171772324394033 3.141592653589793 4.3900568617373965 1.3007750419554522 0.028334552550872798 0.016788752079668345)
("20210315T024417/4.0" 1 -2.4817020285687414 1.056159876568033 3.141592653589793 4.253570892500964 1.0393760326867103 0.026313381947650438 0.016377836588468142)
("20210315T024531/4.0" 1 -2.3896825264977615 1.3167889648577582 3.141592653589793 4.227860796355686 1.300773820224976 0.0293756410482565 0.016782777790030012)
("20210315T024630/4.0" 1 -2.3057944009198987 1.229428503324206 3.141592653589793 4.119194677264342 1.2139545109796201 0.029006415600631254 0.016318439672762475)
("20210315T024648/4.0" 1 -2.2967775766275524 1.4038023206274732 3.141592653589793 4.202514775892373 1.387169188995022 0.0308564065204669 0.017649804258458524)
("20210315T024729/4.0" 1 -2.220622120369688 1.1420729420070599 3.141592653589793 4.020753744128731 1.1269854524844438 0.028627425375917954 0.016001165042627274)
("20210315T024747/4.0" 1 -2.2160318959148277 1.3164119038579802 3.141592653589793 4.067255249521317 1.300900007529895 0.03039917833332137 0.01662863156374117)
("20210315T024805/4.0" 1 -2.191995652675405 1.4908613549362058 3.141592653589793 4.273603607122429 1.471674889783934 0.03265212434219619 0.020400777652732183)
("20210315T024906/4.0" 1 -2.132130646279113 1.2290243419971756 3.141592653589793 3.959133673156595 1.2141745969982969 0.030005913697540618 0.01605885066335011)
("20210315T024925/4.0" 1 -2.123364968730205 1.4034581976040574 3.141592653589793 4.044879779444899 1.3873018340181738 0.03185464134601635 0.01747842428667412)
("20210315T025023/4.0" 1 -2.042522647227844 1.316059216108499 3.141592653589793 3.907896391371648 1.3011605851872179 0.03135441820897809 0.016320229602332148)
("20210315T025041/4.0" 1 -2.0194219618267217 1.490541860826551 3.141592653589793 4.1204776687974825 1.471831794883688 0.0336558352272183 0.020198899660429426)
("20210315T025142/4.0" 1 -1.958648668361691 1.2286659018197397 3.141592653589793 3.7990491071039467 1.2145917306895235 0.030953559687697006 0.015588061698562639)
("20210315T025236/4.0" 1 -1.8752799231122599 0.9668647669869149 3.141592653589793 3.678997158104292 0.9535437071333577 0.02889680075964795 0.014807713432116065)
("20210315T025313/4.0" 1 -1.8692183980289296 1.3157444943835175 3.141592653589793 3.7495547111100413 1.301614021726886 0.032272297606333177 0.015804080637114915)
("20210315T025430/4.0" 1 -1.7889459077786904 0.8794774607895753 3.141592653589793 3.594555859964779 0.86663067370717 0.028501489141690182 0.01442375843749466)
("20210315T025448/4.0" 1 -1.7877934194906366 1.0538925677423832 3.141592653589793 3.610752340890361 1.041014722321408 0.030141780454725417 0.014560644047349802)
("20210315T025517/4.0" 1 -1.777405898143159 1.4028582406736847 3.141592653589793 3.7315635081146334 1.3880664627634722 0.03355632801853879 0.016590107249019326)
("20210315T025640/4.0" 1 -1.7017065881168043 0.9665186412663598 3.141592653589793 3.5239969106956286 0.9541784833823079 0.029701171597394375 0.014096465737907127)
("20210315T025718/4.0" 1 -1.695995194148309 1.315475792082173 3.141592653589793 3.5961219439025935 1.3020993977918656 0.03303580014548304 0.015241004530959223)
("20210315T025736/4.0" 1 -1.6759531812170765 1.4899951671179796 3.141592653589793 3.81814789604267 1.472264985604033 0.035222954496907745 0.019629330092860275)
("20210315T025843/4.0" 1 -1.61597133661744 0.7047310139865846 3.141592653589793 3.4312673930042448 0.6927103590751871 0.02771924977308021 0.013756503542335596)
("20210315T025901/4.0" 1 -1.615339634806873 0.8791565179202876 3.141592653589793 3.441375641900095 0.8671657916558314 0.029297076249716305 0.013809442465157806)
("20210315T025949/4.0" 1 -1.6046951716774245 1.4026204736515624 3.141592653589793 3.5809365322126916 1.3883907449384927 0.03424041485541759 0.016184099221365322)
("20210315T030037/4.0" 1 -1.5295029275226206 0.44299605338052617 3.141592653589793 3.3453514661797215 0.43119825247091587 0.02585457976001456 0.013479525587475505)
("20210315T030133/4.0" 1 -1.5280402342307944 0.9662706903162289 3.141592653589793 3.3724250135366574 0.9545640266140735 0.0304602956590233 0.013627986255011937)
("20210315T030203/4.0" 1 -1.5229084293366553 1.3152603530026297 3.141592653589793 3.4451069813079336 1.3024086701353188 0.03368501252549334 0.01484823084817033)
("20210315T030439/4.0" 1 -1.440577464700806 1.0534193346693206 3.141592653589793 3.3082869560526693 1.0421074729660815 0.031581048793518564 0.013303269763100367)
("20210315T030516/4.0" 1 -1.4321187111412077 1.402435245471425 3.141592653589793 3.433826743819369 1.3887967085225068 0.034788604645819954 0.015694147731204033)
("20210315T030721/4.0" 1 -1.3549792488184922 0.7916298325241375 3.141592653589793 3.212933335830912 0.7809578712474495 0.02949499162457186 0.01264094930311177)
("20210315T030758/4.0" 1 -1.3529048806874968 1.140593587979454 3.141592653589793 3.248665287074066 1.1294222811860781 0.03264073006309478 0.01321109552018429)
("20210315T030816/4.0" 1 -1.349782675846643 1.3151017564333936 3.141592653589793 3.3000236947091017 1.3029982423566426 0.034166197534555895 0.014174270942158396)
("20210315T030835/4.0" 1 -1.3339992918566228 1.4896271821711968 3.141592653589793 3.5304356048391607 1.4731222913326127 0.036244856634808274 0.0186071026022534)
("20210315T030947/4.0" 1 -1.268728281500356 0.18104139263718053 3.141592653589793 3.120903171570802 0.17063682671020602 0.024754942654393604 0.012191810615687582)
("20210315T031118/4.0" 1 -1.266885075751979 1.053289798513899 3.141592653589793 3.1641208399757605 1.0427478342686383 0.03208295711464216 0.012582983842091888)
("20210315T031137/4.0" 1 -1.2650570393691716 1.2277889761359988 3.141592653589793 3.196905104645222 1.216655582530007 0.03357873393738644 0.013205572453873105)
("20210315T031155/4.0" 1 -1.2596600262410378 1.402304984936187 3.141592653589793 3.2911195484642026 1.3894342772982604 0.035128610144621486 0.014974932776849359)
("20210315T031344/4.0" 1 -1.1815181926945946 0.44261477393358106 3.141592653589793 3.05535750604508 0.4328116348314594 0.026972867814428786 0.011719581399565526)
("20210315T031402/4.0" 1 -1.1813670103658331 0.6170647363387363 3.141592653589793 3.0613760994376573 0.6073079081166005 0.02843467946568548 0.011716784270248581)
("20210315T031439/4.0" 1 -1.180427319301521 0.9660055673033896 3.141592653589793 3.082993223954084 0.9560114281627523 0.031496554962579706 0.012022859179558365)
("20210315T031516/4.0" 1 -1.1767377120114588 1.3150028146725747 3.141592653589793 3.1577348547756383 1.3036642599992039 0.03444561707634749 0.01343082535217266)
("20210315T031534/4.0" 1 -1.1633625500266869 1.4895241497949439 3.141592653589793 3.391234950484176 1.4737823748557168 0.03644048616606804 0.01787047647724127)
("20210315T031649/4.0" 1 -1.0945543504158661 0.00652308286581027 3.141592653589793 2.976334058969608 -0.003091501704057556 0.024039284007125006 0.011372447611035258)
("20210315T031802/4.0" 1 -1.0941714517669787 0.7042696266540505 3.141592653589793 2.99506423437031 0.6949414134580114 0.029381366133357293 0.011299779859503478)
("20210315T031838/4.0" 1 -1.0931386565909573 1.0532251156573431 3.141592653589793 3.022454035387707 1.04343636665855 0.032364203817724986 0.011823596388667257)
("20210315T031915/4.0" 1 -1.0871487172777283 1.4022342939882122 3.141592653589793 3.1503528101714036 1.3901343288612351 0.03526344993626707 0.014203537549767109)
("20210315T032105/4.0" 1 -1.0074530464143119 0.2681308508982059 3.141592653589793 2.9105080935660155 0.2591897715015675 0.025974734779971403 0.010796039012760106)
("20210315T032124/4.0" 1 -1.0073909201924023 0.4425749330436739 3.141592653589793 2.9149056251493404 0.4336860447867086 0.02732932380583037 0.010787329581799954)
("20210315T032219/4.0" 1 -1.006602709730894 0.9659742911395477 3.141592653589793 2.9426378597659792 0.9567292820840977 0.031729020979474894 0.011242317116864187)
("20210315T032255/4.0" 1 -1.0036497541036367 1.3149662547971304 3.141592653589793 3.017605510725667 1.3043911896326592 0.034531332172059725 0.012640086385575566)
("20210315T032314/4.0" 1 -0.9928146512507161 1.4894791104145881 3.141592653589793 3.2532001760695235 1.4745586973070042 0.03640463560935651 0.0170287643828404)
("20210315T032430/4.0" 1 -0.9201720536076881 -0.16791004836125545 3.141592653589793 2.835286671733088 -0.1767946973770924 0.023292022642076127 0.010546420117817895)
("20210315T032449/4.0" 1 -0.9202719328012101 0.006488866572124774 3.141592653589793 2.837138117003603 -0.0022174408146587955 0.024262273944771276 0.010453482169333797)
("20210315T032507/4.0" 1 -0.9203052116621921 0.1809150096644898 3.141592653589793 2.8398960862876046 0.172371334920838 0.02541139064543449 0.010349571557380921)
("20210315T032638/4.0" 1 -0.9193551236169838 1.0532244764986816 3.141592653589793 2.8833600206500196 1.0441292623715916 0.03243789384966939 0.011075390568361376)
("20210315T032656/4.0" 1 -0.9182302895936895 1.2277185834620654 3.141592653589793 2.9163067754728416 1.2180546384584054 0.03379368815893045 0.011678892707886579)
("20210315T032714/4.0" 1 -0.9147101019595341 1.4022238970073166 3.141592653589793 3.0113706710387675 1.3909136183722506 0.03516213766688704 0.013367231954742653)
("20210315T032815/4.0" 1 -0.8324011669922219 -0.42941721282031287 3.141592653589793 2.765260396951646 -0.43820243329209435 0.02233094108613764 0.01021282601007295)
("20210315T032833/4.0" 1 -0.8328698833440756 -0.2550952525897916 3.141592653589793 2.765900932787128 -0.263600043988432 0.022977634177084382 0.01009433157167311)
("20210315T032852/4.0" 1 -0.8330455667548664 -0.08070456149785743 3.141592653589793 2.7673657876283264 -0.08903709912586472 0.023864696447055883 0.010015173186278745)
("20210315T032946/4.0" 1 -0.8331860112181126 0.4426036525728692 3.141592653589793 2.777296012940474 0.43457895523202883 0.027466145039484524 0.009852683689138275)
("20210315T033058/4.0" 1 -0.8320469878725302 1.140492515689763 3.141592653589793 2.8277229383537197 1.1315299407907866 0.03306516173951647 0.010916336325223597)
("20210315T033117/4.0" 1 -0.8304721009303009 1.3149890514560614 3.141592653589793 2.879585397076731 1.3051727480717024 0.03436083836495125 0.011810019065758626)
("20210315T033135/4.0" 1 -0.8222603608881291 1.4894934275686087 3.141592653589793 3.1169259152713575 1.475452305884025 0.03618518696939603 0.016085572684553906)
("20210315T033236/4.0" 1 -0.7451206429019499 -0.5165458728125847 3.141592653589793 2.6980919242874197 -0.5250650267028993 0.0221282937566694 0.009826649292306922)
("20210315T033254/4.0" 1 -0.7455085269883979 -0.3422577879911284 3.141592653589793 2.698041484272037 -0.35046193926753616 0.02266961846113647 0.009704870186289682)
("20210315T033350/4.0" 1 -0.7460119709608662 0.1809689546555302 3.141592653589793 2.703748361860208 0.17328833090983578 0.025544109369108416 0.009402669812396763)
("20210315T033426/4.0" 1 -0.7460639984759223 0.5298691777398821 3.141592653589793 2.712613238196938 0.5221548647081239 0.028168762821067814 0.009506943683975533)
("20210315T033444/4.0" 1 -0.7459942875712282 0.704331497212495 3.141592653589793 2.7196715242249283 0.6963868951445131 0.029566231633503536 0.009766882035826763)
("20210315T033502/4.0" 1 -0.7458209477421968 0.8788024666323282 3.141592653589793 2.730015916168573 0.8706665730694817 0.03094813814913535 0.009987659275698113)
("20210315T033520/4.0" 1 -0.7455228015318403 1.0532835347590153 3.141592653589793 2.746886966850051 1.0448623006574294 0.0323030760406609 0.010304935129975767)
("20210315T033539/4.0" 1 -0.7446882307620761 1.227773977212739 3.141592653589793 2.7796509857001896 1.218832182640169 0.033579744711234115 0.01086303013455625)
("20210315T033557/4.0" 1 -0.7421912083134403 1.4022720895704026 3.141592653589793 2.8745420936701684 1.3917609757240939 0.03487053342091931 0.012480064427573767)
("20210315T033656/4.0" 1 -0.657695967228194 -0.6036308995735559 3.141592653589793 2.6311700666465003 -0.6120059853971188 0.021984566659170996 0.009522514409733396)
("20210315T033715/4.0" 1 -0.6581801938302365 -0.4293953962046624 3.141592653589793 2.6304289998461035 -0.437382128543657 0.022412801290098528 0.009378544815874301)
("20210315T034439/4.0" 1 -0.6538132914117454 -0.255033041146727 3.141592653589793 2.657448616529153 -0.2630024432525491 0.023153876081282845 0.009511306594285618)
("20210315T034458/4.0" 1 -0.658647333590725 -0.08062956688156087 3.141592653589793 2.663514508344459 -0.08850023584795126 0.0239862537532873 0.009492117536998204)
("20210315T034610/4.0" 1 -0.6589193169065326 0.6171496166089994 3.141592653589793 2.6792933319800394 0.6095621753784763 0.028788206241102943 0.00936577118882398)
("20210315T034629/4.0" 1 -0.6588886372907751 0.7916154727595397 3.141592653589793 2.687751372068129 0.78402999979681 0.03013700548857215 0.009392846079347095)
("20210315T034647/4.0" 1 -0.6586910946537575 0.9660907032371172 3.141592653589793 2.7007099181654115 0.9584299309072409 0.03147713869916492 0.0094988344863276)
("20210315T034705/4.0" 1 -0.6583587321497154 1.1405751802099995 3.141592653589793 2.7234482421933186 1.1325373448350378 0.032759092531292756 0.009911199992060693)
("20210315T034723/4.0" 1 -0.6572727163624696 1.3150673696973985 3.141592653589793 2.775021325326349 1.3062202946887493 0.03397112413757427 0.010764502780140406)
("20210315T034824/4.0" 1 -0.5684021359643991 -0.6906470250308047 3.141592653589793 2.594018115523923 -0.6988216294510452 0.021926277949377924 0.009133344026859946)
("20210315T034842/4.0" 1 -0.5707567964738036 -0.5165021543601291 3.141592653589793 2.5942245879744337 -0.524248212612966 0.022222425481774638 0.009038493853312124)
("20210315T034900/4.0" 1 -0.571126102348487 -0.3421719702881618 3.141592653589793 2.594158789061634 -0.34966170580549677 0.02276682236072558 0.008932146623148063)
("20210315T034918/4.0" 1 -0.5713773343130804 -0.16777859472984916 3.141592653589793 2.5951304138562192 -0.17505181158605088 0.023513730146864985 0.008802838344667885)
("20210315T034936/4.0" 1 -0.5715663974451877 0.006644139516320369 3.141592653589793 2.5969755759414275 -0.00047525315531805597 0.024449213940537916 0.00870748274328427)
("20210315T035032/4.0" 1 -0.5718404686792904 0.5299847802364801 3.141592653589793 2.608531226385957 0.5229510839128838 0.028034774610246702 0.008729910690755793)
("20210315T035126/4.0" 1 -0.5716333812729255 1.0533959414623055 3.141592653589793 2.6424590307813247 1.0457407248699582 0.03195482776308872 0.009441994545823063)
("20210315T035145/4.0" 1 -0.571130917343738 1.227883188122721 3.141592653589793 2.67495339626203 1.2197697735143402 0.03315938408246353 0.009940313439410708)
("20210315T035203/4.0" 1 -0.5695694527334028 1.4023758463264717 3.141592653589793 2.7694317338639123 1.3927385346381358 0.03438552513145045 0.011517164900426646)
("20210315T035245/4.0" 1 -0.48069120243139324 -0.7775451191885413 3.141592653589793 2.5281050581906563 -0.785778645174383 0.021899409180729048 0.008858404380319373)
("20210315T035303/4.0" 1 -0.48326053502994654 -0.6035728639670807 3.141592653589793 2.527267300149699 -0.611214129515489 0.02206367157247279 0.008770212319965998)
("20210315T035322/4.0" 1 -0.48373087058374326 -0.42928690967449784 3.141592653589793 2.526585749076795 -0.4366012682363147 0.022482486366236842 0.008635961278856075)
("20210315T035340/4.0" 1 -0.4840531343809316 -0.254910493126006 3.141592653589793 2.5270849132428657 -0.261984567232786 0.023125109997453076 0.008499290427788742)
("20210315T035417/4.0" 1 -0.4844210341065591 0.09393736155867005 3.141592653589793 2.530739283630691 0.08720694687222348 0.024940488895446786 0.008268877343242331)
("20210315T035435/4.0" 1 -0.48456066896883465 0.2683816567570254 3.141592653589793 2.533947198795857 0.2617355087485264 0.026061756180383876 0.008221191288160568)
("20210315T035454/4.0" 1 -0.48464878764298275 0.44283374969105177 3.141592653589793 2.5382782333346805 0.43609006129840555 0.027292133655878712 0.008349469406951637)
("20210315T035512/4.0" 1 -0.48476528496170745 0.6172924898751599 3.141592653589793 2.544169941290638 0.6103685174928977 0.028567479789310016 0.008557853722660158)
("20210315T035530/4.0" 1 -0.4847600864712591 0.7917587721314749 3.141592653589793 2.5524658402912177 0.7846481954178663 0.029854172479345936 0.008772465105358784)
("20210315T035549/4.0" 1 -0.484680660354909 0.9662329373446163 3.141592653589793 2.5652435702779934 0.9589381707854217 0.031125495188865926 0.008987296407989898)
("20210315T035607/4.0" 1 -0.4845534251706693 1.140715198567471 3.141592653589793 2.587704561487759 1.1330946284651993 0.03233540837462854 0.00934968447238771)
("20210315T035626/4.0" 1 -0.48398751409167184 1.315203851376943 3.141592653589793 2.638674284298375 1.3068449480280382 0.03347488962972733 0.010135225548739024)
("20210315T035644/4.0" 1 -0.48072324558562846 1.4896921206912175 3.141592653589793 2.87647295142165 1.4773559364991753 0.035172874220923245 0.014175992482121869)
("20210315T035746/4.0" 1 -0.3957379402492305 -0.6905866884531485 3.141592653589793 2.4623571090046283 -0.6980838787762271 0.021977997635202584 0.008411964114388382)
("20210315T035804/4.0" 1 -0.39630295650610176 -0.5163746635124249 3.141592653589793 2.4608072566288572 -0.5234685740361001 0.022276889963631558 0.008273901316431798)
("20210315T035822/4.0" 1 -0.3966824036982159 -0.34202406897386295 3.141592653589793 2.4607161504419035 -0.3488578071520282 0.022794161404406023 0.008142043469149818)
("20210315T035840/4.0" 1 -0.3969324425666417 -0.1676213616990907 3.141592653589793 2.4616561847770275 -0.1742349974961175 0.023505833384273218 0.007999053669113299)
("20210315T035858/4.0" 1 -0.39720378672378764 0.0068057188259778014 3.141592653589793 2.4634676620076723 0.00033824480903650106 0.024370993629301695 0.007905502013821286)
("20210315T040007/4.0" 1 -0.3976598903447188 0.7046142610043953 3.141592653589793 2.4812989928435973 0.6978871801695274 0.02904208494020089 0.008290999606313854)
("20210315T040025/4.0" 1 -0.39771255701843616 0.8790841651597927 3.141592653589793 2.491428185690472 0.8721925144345003 0.03028175940797186 0.008484330706417076)
("20210315T040120/4.0" 1 -0.39678637350717283 1.4025347411697506 3.141592653589793 2.6328656540148128 1.3934572612241072 0.033732261646202445 0.010801941240962787)
("20210315T040220/4.0" 1 -0.3088024766150776 -0.6034280306143579 3.141592653589793 2.393539998328968 -0.6105299604487072 0.022162457370234732 0.008106503345212346)
("20210315T040239/4.0" 1 -0.30927592274102755 -0.42911774568205585 3.141592653589793 2.392783921697004 -0.43591814636708415 0.022538895236912677 0.007972423837394937)
("20210315T040257/4.0" 1 -0.3096108418797164 -0.25473118781613335 3.141592653589793 2.3932392780988496 -0.26129463857947266 0.023131250584926252 0.00782858437899947)
("20210315T040316/4.0" 1 -0.3098477566902895 -0.08031211807962357 3.141592653589793 2.3946234987286066 -0.0867088299037043 0.023900426234795154 0.007722202221348243)
("20210315T040334/4.0" 1 -0.31009165963556345 0.09412365500324338 3.141592653589793 2.396841637674966 0.08790298417791881 0.02481225069594859 0.007589464378450261)
("20210315T040352/4.0" 1 -0.3102325728151612 0.26857016595162575 3.141592653589793 2.399943262288685 0.2624331168505486 0.025860087926631744 0.00753960053805941)
("20210315T040411/4.0" 1 -0.31040058632201273 0.4430233241500878 3.141592653589793 2.4042196680219217 0.43680075936981766 0.027011160506929456 0.007653826280289211)
("20210315T040429/4.0" 1 -0.3105134617416545 0.6174828313245899 3.141592653589793 2.40994190450751 0.6110888148751958 0.028201693646831547 0.007851828486969636)
("20210315T040448/4.0" 1 -0.31058594233388215 0.7919493266337918 3.141592653589793 2.4181006206288833 0.7853962435352712 0.029411235638999576 0.00803802139566756)
("20210315T040506/4.0" 1 -0.31065718721936403 0.9664228952988495 3.141592653589793 2.4306645477822895 0.9597130969733072 0.030601672091177604 0.008225219663935746)
("20210315T040524/4.0" 1 -0.3107082346911385 1.140903920814959 3.141592653589793 2.4526837961583747 1.1338711254494118 0.03173201277300995 0.008585509992439011)
("20210315T040703/4.0" 1 -0.22125542336291026 -0.6904293275906568 3.141592653589793 2.3286498784702956 -0.69743880508469 0.022061873413346023 0.007792615046637641)
("20210315T040721/4.0" 1 -0.22184506853354294 -0.5161869213082189 3.141592653589793 2.3270682611021383 -0.5228248966079646 0.022310133657180996 0.0076551080110910386)
("20210315T040740/4.0" 1 -0.22224773849036297 -0.3418255462935651 3.141592653589793 2.3269279366302777 -0.34821744584947145 0.02276974474065796 0.007526139353728645)
("20210315T040758/4.0" 1 -0.22257272936450745 -0.16741776836007635 3.141592653589793 2.3278140402915155 -0.17358835300825365 0.023416541571643863 0.007376154418335112)
("20210315T040817/4.0" 1 -0.2226902919476679 0.0070126784006099285 3.141592653589793 2.329557798747183 0.0010037388528219388 0.024227664456972196 0.007263377377484526)
("20210315T040835/4.0" 1 -0.22300769813902788 0.18145531178644483 3.141592653589793 2.332254157908589 0.17557575942749956 0.02517201608973213 0.007170726499754393)
("20210315T040854/4.0" 1 -0.2231616927659008 0.3559058281291066 3.141592653589793 2.3358155022472835 0.35001234245222246 0.02623783282525617 0.007214404037624134)
("20210315T040930/4.0" 1 -0.22345975375510196 0.7048264190694749 3.141592653589793 2.347382497331951 0.6986130626054319 0.028550833648804865 0.007586693066600425)
("20210315T040949/4.0" 1 -0.22357292744878612 0.8792958971190981 3.141592653589793 2.357267518616471 0.8729320104385704 0.029708454004462106 0.0077653158129947775)
("20210315T041007/4.0" 1 -0.22369735033491445 1.053773854673632 3.141592653589793 2.3733360669078816 1.0471816687004045 0.03083083014798017 0.008026910453860614)
("20210315T041026/4.0" 1 -0.22378781259082284 1.228257010718613 3.141592653589793 2.404652335143491 1.2211327011272226 0.03188347425218661 0.008601847257471373)
("20210315T041044/4.0" 1 -0.2238942964238482 1.4027419564078474 3.141592653589793 2.496258209862441 1.3941751151454524 0.032982768507561065 0.010103171869855654)
("20210315T041126/4.0" 1 -0.13195639360866807 -0.7773342820513616 3.141592653589793 2.2611942991441163 -0.7843980897360556 0.022082963198965203 0.007528891570880103)
("20210315T041144/4.0" 1 -0.13436099371483404 -0.6032229032945553 3.141592653589793 2.2602947564476383 -0.6098780799730874 0.02219697753237147 0.007484614032365222)
("20210315T041203/4.0" 1 -0.13482770736954786 -0.4289006874005698 3.141592653589793 2.259454031346953 -0.4352650441609878 0.02250542652498192 0.007349223552469364)
("20210315T041221/4.0" 1 -0.13518883201336251 -0.254509570202861 3.141592653589793 2.2598479521591277 -0.26065462634276637 0.023022390241967533 0.007217416465672477)
("20210315T041240/4.0" 1 -0.13545472201659603 -0.08008717684131074 3.141592653589793 2.261144033661659 -0.08606323261339159 0.023706932607124358 0.0071052530021536164)
("20210315T041258/4.0" 1 -0.13570522960137366 0.09435055632811773 3.141592653589793 2.263279269468549 0.08854666160605432 0.024543571264287904 0.006973811892341669)
("20210315T041316/4.0" 1 -0.13592416274826702 0.2687992404159498 3.141592653589793 2.2662869953685107 0.2630745253506565 0.025503884793794174 0.006926337972729624)
("20210315T041334/4.0" 1 -0.13609426417341197 0.443253293436539 3.141592653589793 2.270361117441441 0.43747742352081587 0.02655856950437659 0.007004419544972773)
("20210315T041352/4.0" 1 -0.13628920756520602 0.6177140789283637 3.141592653589793 2.27593063761748 0.6117763000675563 0.027668134189428952 0.007191524539108429)
("20210315T041410/4.0" 1 -0.13644320219207895 0.7921802759635233 3.141592653589793 2.2838814850249403 0.7860996112238249 0.02879694059933222 0.007360575990282392)
("20210315T041428/4.0" 1 -0.13659050695829358 0.9666547820612843 3.141592653589793 2.2960961717950226 0.9604299036971012 0.02992191451290248 0.007534655093057285)
("20210315T041446/4.0" 1 -0.13676857656141994 1.1411355519139295 3.141592653589793 2.317479771257532 1.134476056568153 0.030948091133676383 0.008006586574441199)
("20210315T041504/4.0" 1 -0.13706791586794512 1.3156197732233472 3.141592653589793 2.3665097351374818 1.3081956583361565 0.031990519097092336 0.00882130759574462)
("20210315T041625/4.0" 1 -0.04682391133778818 -0.6902069429869916 3.141592653589793 2.1951761729898798 -0.6967562068142351 0.022065233160305463 0.007143091705299032)
("20210315T041643/4.0" 1 -0.04740750580642362 -0.5159522648582504 3.141592653589793 2.1935371342893317 -0.5221457889960136 0.022242922515277114 0.007009550534804343)
("20210315T041702/4.0" 1 -0.047805488599725 -0.34158658617527404 3.141592653589793 2.193349162328892 -0.3475664380384776 0.022634168385300156 0.006908025086938774)
("20210315T041721/4.0" 1 -0.048105509675488545 -0.16717561244847845 3.141592653589793 2.194190061962503 -0.17296212887263807 0.023203820506054292 0.00678303518879575)
("20210315T041739/4.0" 1 -0.048403485443535565 0.007256240461264163 3.141592653589793 2.1959062442159887 0.001620538210476735 0.023923741907473744 0.006678927892249192)
("20210315T041758/4.0" 1 -0.048610871123942356 0.18170040782788724 3.141592653589793 2.1984376697630816 0.17619203518637877 0.024780059911619058 0.0065863638357648024)
("20210315T041817/4.0" 1 -0.04883261656894655 0.356152585983069 3.141592653589793 2.201940545571834 0.3506537509523303 0.02575577284441952 0.006605065135962596)
("20210315T041836/4.0" 1 -0.04900186578254351 0.5306108148402475 3.141592653589793 2.206685572209231 0.5249208625066846 0.026805065607507037 0.006821366919550709)
("20210315T041854/4.0" 1 -0.049194891698352 0.7050748813465355 3.141592653589793 2.213222004790875 0.6992631977517998 0.02788003907058379 0.006967961525888411)
("20210315T041912/4.0" 1 -0.049440030350372144 0.879545339439439 3.141592653589793 2.222846797483923 0.8735955846201785 0.028970145102671756 0.007133296463782246)
("20210315T041949/4.0" 1 -0.04996588748657471 1.2285070069764614 3.141592653589793 2.268917032018341 1.2216817817099 0.031002467144615277 0.008084345450925623)
("20210315T042007/4.0" 1 -0.050690821240583 1.402989992579133 3.141592653589793 2.358571628633561 1.394850208500124 0.03208485722948408 0.009458004797859187)

(IH ID CH NP MA ME TF FO DAF)
9
;; number of pointings:
;; 173
;; number of parameters:
;; 9
;; root-mean-square-residual:
;; 258.243950605289 arcsec
0.0012520020031721935
;; root-mean-square-x-residual:
;; 94.67610364928916 arcsec
0.0004590027032331985
;; root-mean-square-y-residual:
;; 240.26313371388466 arcsec
0.0011648285429074108
;; max-residual:
;; 943.903557732006 arcsec
0.004576173584364412
;; max-x-residual:
;; 217.58539567481296 arcsec
0.0010548837663278098
;; max-y-residual:
;; 932.5525960367437 arcsec
0.004521142569128278
;; p:
 IH -1338.207802430023 arcsec
 ID 2522.5540421136307 arcsec
 CH 6186.068403778641 arcsec
 NP -126.91191066364695 arcsec
 MA -634.8588866551697 arcsec
 ME -1289.9489095190797 arcsec
 TF 114.17817015035853 arcsec
 FO 244.1097378458653 arcsec
 DAF -278.0532803441456 arcsec
(-0.006487814507856021 0.012229687109548486 0.029990905944313147 -0.0006152863058548725 -0.003077882738243945 -0.006253848792671768 0.0005535513897294626 0.0011834774059973777 -0.00134804034388227)
;; dp:
;; IH 0.17874965146382443 arcsec
;; ID 0.08824177968156896 arcsec
;; CH 0.14772000176395986 arcsec
;; NP 0.07825039183483225 arcsec
;; MA 0.07752420963288544 arcsec
;; ME 0.13723258074379074 arcsec
;; TF 0.027942299498153144 arcsec
;; FO 0.14374676434936792 arcsec
;; DAF 0.182548383402025 arcsec
(8.666027652322328e-07 4.2780822035078103e-07 7.161667782869252e-07 3.79368605137086e-07 3.7584797447226537e-07 6.653223263855881e-07 1.3546809078364766e-07 6.969039797180207e-07 8.850195373773066e-07)
{
  IH -0.006487814507856021
  ID 0.012229687109548486
  CH 0.029990905944313147
  NP -0.0006152863058548725
  MA -0.003077882738243945
  ME -0.006253848792671768
  TF 0.0005535513897294626
  FO 0.0011834774059973777
  DAF -0.00134804034388227
}

;; 20210315T023835/4.0	1	-177	66	180	4877	3190	5022	3373	-145	-182
;; 20210315T023853/4.0	1	-177	76	180	5233	3271	5251	3382	-18	-111
;; 20210315T023912/4.0	1	-176	86	180	5681	3864	5531	3410	150	454
;; 20210315T023932/4.0	1	-172	71	180	5139	3253	5225	3424	-87	-171
;; 20210315T023950/4.0	1	-172	81	180	5526	3469	5481	3440	45	29
;; 20210315T024027/4.0	1	-167	76	180	5422	3374	5450	3471	-28	-98
;; 20210315T024045/4.0	1	-166	85	180	5877	3998	5739	3496	138	503
;; 20210315T024105/4.0	1	-162	71	180	5338	3338	5425	3498	-87	-160
;; 20210315T024143/4.0	1	-157	66	180	5265	3354	5404	3520	-139	-167
;; 20210315T024202/4.0	1	-157	75	180	5631	3435	5660	3530	-29	-95
;; 20210315T024220/4.0	1	-155	85	180	6092	4096	5956	3551	136	545
;; 20210315T024258/4.0	1	-152	80	180	5937	3618	5909	3555	28	63
;; 20210315T024318/4.0	1	-147	65	180	5475	3366	5608	3547	-134	-181
;; 20210315T024337/4.0	1	-147	75	180	5844	3463	5877	3557	-32	-94
;; 20210315T024417/4.0	1	-142	61	180	5428	3378	5581	3545	-153	-167
;; 20210315T024531/4.0	1	-137	75	180	6059	3462	6092	3552	-33	-90
;; 20210315T024630/4.0	1	-132	70	180	5983	3366	6056	3532	-73	-166
;; 20210315T024648/4.0	1	-132	80	180	6365	3641	6343	3544	22	97
;; 20210315T024729/4.0	1	-127	65	180	5905	3300	6014	3504	-109	-204
;; 20210315T024747/4.0	1	-127	75	180	6270	3430	6301	3515	-31	-85
;; 20210315T024805/4.0	1	-126	85	180	6735	4208	6603	3525	132	683
;; 20210315T024906/4.0	1	-122	70	180	6189	3312	6255	3479	-66	-167
;; 20210315T024925/4.0	1	-122	80	180	6570	3605	6546	3491	24	114
;; 20210315T025023/4.0	1	-117	75	180	6467	3366	6496	3448	-29	-81
;; 20210315T025041/4.0	1	-116	85	180	6942	4166	6795	3454	147	712
;; 20210315T025142/4.0	1	-112	70	180	6385	3215	6440	3397	-55	-181
;; 20210315T025236/4.0	1	-107	55	180	5960	3054	6069	3327	-108	-272
;; 20210315T025313/4.0	1	-107	75	180	6657	3260	6672	3351	-16	-92
;; 20210315T025430/4.0	1	-102	50	180	5879	2975	5986	3261	-107	-286
;; 20210315T025448/4.0	1	-102	60	180	6217	3003	6299	3273	-82	-270
;; 20210315T025517/4.0	1	-102	80	180	6921	3422	6895	3299	26	123
;; 20210315T025640/4.0	1	-98	55	180	6126	2908	6212	3201	-86	-293
;; 20210315T025718/4.0	1	-97	75	180	6814	3144	6824	3230	-10	-86
;; 20210315T025736/4.0	1	-96	85	180	7265	4049	7110	3234	155	815
;; 20210315T025843/4.0	1	-93	40	180	5718	2837	5790	3109	-72	-271
;; 20210315T025901/4.0	1	-93	50	180	6043	2848	6114	3122	-71	-273
;; 20210315T025949/4.0	1	-92	80	180	7063	3338	7031	3166	31	172
;; 20210315T030037/4.0	1	-88	25	180	5333	2780	5361	3011	-28	-230
;; 20210315T030133/4.0	1	-88	55	180	6283	2811	6332	3052	-49	-241
;; 20210315T030203/4.0	1	-87	75	180	6948	3063	6947	3086	1	-23
;; 20210315T030439/4.0	1	-83	60	180	6514	2744	6543	2980	-29	-236
;; 20210315T030516/4.0	1	-82	80	180	7176	3237	7136	3014	40	223
;; 20210315T030721/4.0	1	-78	45	180	6084	2607	6095	2866	-12	-258
;; 20210315T030758/4.0	1	-78	65	180	6733	2725	6743	2906	-10	-181
;; 20210315T030816/4.0	1	-77	75	180	7047	2924	7038	2924	9	-1
;; 20210315T030835/4.0	1	-76	85	180	7476	3838	7307	2931	169	907
;; 20210315T030947/4.0	1	-73	10	180	5106	2515	5011	2712	95	-197
;; 20210315T031118/4.0	1	-73	60	180	6618	2595	6622	2808	-4	-213
;; 20210315T031137/4.0	1	-72	70	180	6926	2724	6927	2829	-1	-105
;; 20210315T031155/4.0	1	-72	80	180	7246	3089	7206	2846	40	243
;; 20210315T031344/4.0	1	-68	25	180	5564	2417	5499	2638	65	-221
;; 20210315T031402/4.0	1	-68	35	180	5865	2417	5827	2660	38	-243
;; 20210315T031439/4.0	1	-68	55	180	6497	2480	6489	2706	7	-226
;; 20210315T031516/4.0	1	-67	75	180	7105	2770	7094	2750	11	20
;; 20210315T031534/4.0	1	-67	85	180	7516	3686	7353	2759	163	927
;; 20210315T031649/4.0	1	-63	0	180	4958	2346	4793	2490	166	-144
;; 20210315T031802/4.0	1	-63	40	180	6060	2331	6017	2575	43	-244
;; 20210315T031838/4.0	1	-63	60	180	6676	2439	6668	2625	8	-187
;; 20210315T031915/4.0	1	-62	80	180	7274	2930	7240	2668	34	261
;; 20210315T032105/4.0	1	-58	15	180	5358	2227	5236	2415	122	-188
;; 20210315T032124/4.0	1	-58	25	180	5637	2225	5546	2439	91	-214
;; 20210315T032219/4.0	1	-58	55	180	6545	2319	6522	2519	23	-200
;; 20210315T032255/4.0	1	-58	75	180	7123	2607	7113	2568	9	39
;; 20210315T032314/4.0	1	-57	85	180	7509	3512	7363	2580	146	933
;; 20210315T032430/4.0	1	-53	-10	180	4804	2175	4615	2258	190	-83
;; 20210315T032449/4.0	1	-53	0	180	5004	2156	4846	2277	159	-121
;; 20210315T032507/4.0	1	-53	10	180	5241	2135	5113	2300	129	-165
;; 20210315T032638/4.0	1	-53	60	180	6691	2284	6680	2438	11	-154
;; 20210315T032656/4.0	1	-53	70	180	6970	2409	6973	2464	-2	-55
;; 20210315T032714/4.0	1	-52	80	180	7253	2757	7237	2486	16	272
;; 20210315T032815/4.0	1	-48	-25	180	4606	2107	4389	2126	218	-20
;; 20210315T032833/4.0	1	-48	-15	180	4739	2082	4549	2142	191	-59
;; 20210315T032852/4.0	1	-48	-5	180	4922	2066	4754	2161	168	-95
;; 20210315T032946/4.0	1	-48	25	180	5665	2032	5576	2239	90	-207
;; 20210315T033058/4.0	1	-48	65	180	6820	2252	6820	2358	0	-107
;; 20210315T033117/4.0	1	-48	75	180	7087	2436	7095	2384	-8	52
;; 20210315T033135/4.0	1	-47	85	180	7464	3318	7336	2399	127	919
;; 20210315T033236/4.0	1	-43	-30	180	4564	2027	4371	2011	193	16
;; 20210315T033254/4.0	1	-43	-20	180	4676	2002	4502	2026	174	-24
;; 20210315T033350/4.0	1	-43	10	180	5269	1939	5153	2095	115	-156
;; 20210315T033426/4.0	1	-43	30	180	5810	1961	5736	2156	74	-195
;; 20210315T033444/4.0	1	-43	40	180	6098	2015	6046	2189	52	-174
;; 20210315T033502/4.0	1	-43	50	180	6384	2060	6357	2221	27	-161
;; 20210315T033520/4.0	1	-43	60	180	6663	2126	6658	2251	5	-126
;; 20210315T033539/4.0	1	-43	70	180	6926	2241	6941	2280	-14	-39
;; 20210315T033557/4.0	1	-43	80	180	7193	2574	7196	2303	-3	271
;; 20210315T033656/4.0	1	-38	-35	180	4535	1964	4378	1898	157	66
;; 20210315T033715/4.0	1	-38	-25	180	4623	1934	4477	1912	146	22
;; 20210315T034439/4.0	1	-37	-15	180	4776	1962	4626	1925	150	36
;; 20210315T034458/4.0	1	-38	-5	180	4948	1958	4815	1954	133	4
;; 20210315T034610/4.0	1	-38	35	180	5938	1932	5886	2078	52	-146
;; 20210315T034629/4.0	1	-38	45	180	6216	1937	6189	2112	27	-174
;; 20210315T034647/4.0	1	-38	55	180	6493	1959	6489	2144	4	-185
;; 20210315T034705/4.0	1	-38	65	180	6757	2044	6776	2175	-18	-131
;; 20210315T034723/4.0	1	-38	75	180	7007	2220	7040	2203	-33	18
;; 20210315T034824/4.0	1	-33	-40	180	4523	1884	4410	1787	112	97
;; 20210315T034842/4.0	1	-33	-30	180	4584	1864	4475	1802	109	63
;; 20210315T034900/4.0	1	-33	-20	180	4696	1842	4590	1820	106	23
;; 20210315T034918/4.0	1	-33	-10	180	4850	1816	4750	1843	100	-27
;; 20210315T034936/4.0	1	-33	0	180	5043	1796	4951	1870	92	-74
;; 20210315T035032/4.0	1	-33	30	180	5783	1801	5730	1968	53	-168
;; 20210315T035126/4.0	1	-33	60	180	6591	1948	6602	2071	-11	-124
;; 20210315T035145/4.0	1	-33	70	180	6840	2050	6873	2101	-33	-51
;; 20210315T035203/4.0	1	-33	80	180	7093	2376	7119	2127	-26	249
;; 20210315T035245/4.0	1	-28	-45	180	4517	1827	4468	1683	50	144
;; 20210315T035303/4.0	1	-28	-35	180	4551	1809	4498	1696	53	113
;; 20210315T035322/4.0	1	-28	-25	180	4637	1781	4580	1713	58	68
;; 20210315T035340/4.0	1	-28	-15	180	4770	1753	4707	1735	63	18
;; 20210315T035417/4.0	1	-28	5	180	5144	1706	5083	1792	61	-86
;; 20210315T035435/4.0	1	-28	15	180	5376	1696	5321	1825	55	-129
;; 20210315T035454/4.0	1	-28	25	180	5629	1722	5582	1861	48	-139
;; 20210315T035512/4.0	1	-28	35	180	5892	1765	5858	1897	34	-132
;; 20210315T035530/4.0	1	-28	45	180	6158	1809	6142	1933	16	-124
;; 20210315T035549/4.0	1	-28	55	180	6420	1854	6424	1968	-4	-115
;; 20210315T035607/4.0	1	-28	65	180	6670	1929	6697	2001	-27	-73
;; 20210315T035626/4.0	1	-28	75	180	6905	2091	6950	2030	-46	61
;; 20210315T035644/4.0	1	-28	85	180	7255	2924	7176	2052	79	872
;; 20210315T035746/4.0	1	-23	-40	180	4533	1735	4548	1597	-15	139
;; 20210315T035804/4.0	1	-23	-30	180	4595	1707	4595	1611	0	95
;; 20210315T035822/4.0	1	-23	-20	180	4702	1679	4688	1632	14	48
;; 20210315T035840/4.0	1	-23	-10	180	4848	1650	4824	1657	24	-7
;; 20210315T035858/4.0	1	-23	0	180	5027	1631	4999	1687	28	-57
;; 20210315T040007/4.0	1	-23	40	180	5990	1710	5971	1831	19	-121
;; 20210315T040025/4.0	1	-23	50	180	6246	1750	6245	1868	1	-118
;; 20210315T040120/4.0	1	-23	80	180	6958	2228	7008	1961	-50	267
;; 20210315T040220/4.0	1	-18	-35	180	4571	1672	4637	1516	-65	156
;; 20210315T040239/4.0	1	-18	-25	180	4649	1644	4694	1535	-45	109
;; 20210315T040257/4.0	1	-18	-15	180	4771	1615	4795	1559	-24	56
;; 20210315T040316/4.0	1	-18	-5	180	4930	1593	4937	1588	-7	5
;; 20210315T040334/4.0	1	-18	5	180	5118	1565	5115	1621	3	-55
;; 20210315T040352/4.0	1	-18	15	180	5334	1555	5324	1656	10	-101
;; 20210315T040411/4.0	1	-18	25	180	5571	1579	5557	1694	14	-115
;; 20210315T040429/4.0	1	-18	35	180	5817	1620	5808	1733	9	-113
;; 20210315T040448/4.0	1	-18	45	180	6067	1658	6068	1771	-2	-113
;; 20210315T040506/4.0	1	-18	55	180	6312	1697	6330	1807	-18	-111
;; 20210315T040524/4.0	1	-18	65	180	6545	1771	6586	1841	-41	-70
;; 20210315T040703/4.0	1	-13	-40	180	4551	1607	4705	1429	-155	178
;; 20210315T040721/4.0	1	-13	-30	180	4602	1579	4727	1445	-126	134
;; 20210315T040740/4.0	1	-13	-20	180	4697	1552	4793	1467	-96	85
;; 20210315T040758/4.0	1	-13	-10	180	4830	1521	4899	1495	-69	27
;; 20210315T040817/4.0	1	-13	0	180	4997	1498	5043	1526	-46	-28
;; 20210315T040835/4.0	1	-13	10	180	5192	1479	5221	1562	-29	-83
;; 20210315T040854/4.0	1	-13	20	180	5412	1488	5427	1599	-15	-111
;; 20210315T040930/4.0	1	-13	40	180	5889	1565	5897	1677	-8	-112
;; 20210315T040949/4.0	1	-13	50	180	6128	1602	6147	1715	-20	-114
;; 20210315T041007/4.0	1	-13	60	180	6359	1656	6397	1751	-38	-96
;; 20210315T041026/4.0	1	-13	70	180	6576	1774	6639	1784	-63	-10
;; 20210315T041044/4.0	1	-13	80	180	6803	2084	6867	1812	-63	272
;; 20210315T041126/4.0	1	-8	-45	180	4555	1553	4803	1349	-248	204
;; 20210315T041144/4.0	1	-8	-35	180	4578	1544	4788	1364	-209	180
;; 20210315T041203/4.0	1	-8	-25	180	4642	1516	4817	1384	-175	132
;; 20210315T041221/4.0	1	-8	-15	180	4749	1489	4887	1409	-138	80
;; 20210315T041240/4.0	1	-8	-5	180	4890	1466	4995	1439	-106	26
;; 20210315T041258/4.0	1	-8	5	180	5062	1438	5140	1473	-77	-35
;; 20210315T041316/4.0	1	-8	15	180	5261	1429	5315	1510	-54	-82
;; 20210315T041334/4.0	1	-8	25	180	5478	1445	5516	1549	-38	-105
;; 20210315T041352/4.0	1	-8	35	180	5707	1483	5736	1589	-29	-106
;; 20210315T041410/4.0	1	-8	45	180	5940	1518	5970	1628	-30	-110
;; 20210315T041428/4.0	1	-8	55	180	6172	1554	6209	1666	-37	-111
;; 20210315T041446/4.0	1	-8	65	180	6384	1651	6447	1700	-63	-49
;; 20210315T041504/4.0	1	-8	75	180	6599	1820	6676	1731	-78	88
;; 20210315T041625/4.0	1	-3	-40	180	4551	1473	4876	1292	-325	181
;; 20210315T041643/4.0	1	-3	-30	180	4588	1446	4869	1309	-281	137
;; 20210315T041702/4.0	1	-3	-20	180	4669	1425	4901	1332	-233	93
;; 20210315T041721/4.0	1	-3	-10	180	4786	1399	4973	1360	-187	39
;; 20210315T041739/4.0	1	-3	0	180	4935	1378	5082	1392	-147	-15
;; 20210315T041758/4.0	1	-3	10	180	5111	1359	5223	1428	-112	-70
;; 20210315T041817/4.0	1	-3	20	180	5313	1362	5394	1467	-82	-104
;; 20210315T041836/4.0	1	-3	30	180	5529	1407	5589	1506	-60	-99
;; 20210315T041854/4.0	1	-3	40	180	5751	1437	5801	1546	-51	-109
;; 20210315T041912/4.0	1	-3	50	180	5976	1471	6025	1585	-50	-113
;; 20210315T041949/4.0	1	-3	70	180	6395	1668	6480	1654	-86	13
;; 20210315T042007/4.0	1	-3	80	180	6618	1951	6698	1683	-80	268
