RMS residual = 13.55
n_pointings = 250
20210315T042158   +2.19 -35.76 +120.63 -35.73 -28.41 -45.82
20210315T042215   +2.18 -25.78 +120.69 -25.73 -30.46 -45.87
20210315T042252   +2.15  -5.79 +120.84  -5.74 -31.87 -46.75
20210315T042311   +2.13   4.20 +120.91   4.26 -31.20 -47.29
20210315T042328   +2.11  14.20 +120.99  14.26 -29.59 -47.88
20210315T042346   +2.09  24.20 +121.07  24.26 -27.11 -48.41
20210315T042442   +1.95  54.19 +121.34  54.25 -15.41 -47.79
20210315T042459   +1.84  64.18 +121.45  64.25 -10.47 -45.92
20210315T042518   +1.58  74.18 +121.62  74.25  -5.18 -43.66
20210315T042536   +0.30  84.18 +122.16  84.25  +0.64 -32.76
20210315T042638   +7.19 -40.75 +116.81 -40.73 -26.62 -46.51
20210315T042656   +7.18 -30.76 +116.87 -30.73 -29.25 -46.51
20210315T042733   +7.15 -10.78 +117.01 -10.74 -31.97 -47.41
20210315T042751   +7.14  -0.79 +117.09  -0.74 -31.99 -47.84
20210315T042809   +7.12   9.21 +117.16   9.26 -31.03 -48.42
20210315T042827   +7.10  19.21 +117.24  19.26 -29.17 -48.97
20210315T042845   +7.07  29.20 +117.32  29.25 -26.47 -49.40
20210315T042903   +7.04  39.20 +117.40  39.25 -23.04 -49.44
20210315T042921   +6.98  49.20 +117.50  49.25 -18.93 -48.64
20210315T042939   +6.90  59.19 +117.60  59.25 -14.28 -47.61
20210315T042958   +6.73  69.19 +117.73  69.25  -9.26 -45.77
20210315T043016   +6.23  79.19 +117.98  79.25  -3.83 -41.62
20210315T043058  +12.29 -45.72 +112.81 -45.72 -24.65 -46.96
20210315T043116  +12.19 -35.75 +112.97 -35.73 -27.82 -46.69
20210315T043135  +12.17 -25.76 +113.04 -25.73 -30.21 -46.71
20210315T043153  +12.16 -15.77 +113.11 -15.74 -31.76 -46.99
20210315T043211  +12.14  -5.78 +113.18  -5.74 -32.41 -47.56
20210315T043230  +12.13   4.22 +113.25   4.26 -32.13 -48.08
20210315T043249  +12.11  14.22 +113.33  14.26 -30.91 -48.66
20210315T043307  +12.08  24.21 +113.41  24.26 -28.81 -49.18
20210315T043325  +12.05  34.21 +113.50  34.25 -25.91 -49.57
20210315T043343  +12.00  44.21 +113.58  44.25 -22.28 -49.51
20210315T043402  +11.94  54.20 +113.68  54.25 -18.07 -48.81
20210315T043420  +11.82  64.20 +113.79  64.25 -13.29 -47.35
20210315T043438  +11.55  74.20 +113.96  74.25  -8.15 -44.97
20210315T043456  +10.21  84.20 +114.49  84.25  -2.64 -33.91
20210315T043558  +17.18 -40.73 +109.16 -40.72 -25.88 -47.29
20210315T043615  +17.17 -30.75 +109.22 -30.73 -28.84 -47.29
20210315T043634  +17.16 -20.76 +109.28 -20.73 -31.00 -47.60
20210315T043652  +17.15 -10.77 +109.36 -10.74 -32.29 -48.11
20210315T043710  +17.13  -0.77 +109.43  -0.74 -32.71 -48.52
20210315T043728  +17.11   9.23 +109.50   9.26 -32.18 -49.05
20210315T043746  +17.09  19.22 +109.58  19.26 -30.72 -49.60
20210315T043804  +17.06  29.22 +109.66  29.26 -28.42 -50.06
20210315T043822  +17.03  39.21 +109.74  39.25 -25.33 -50.16
20210315T043841  +16.97  49.21 +109.84  49.25 -21.56 -49.46
20210315T043859  +16.88  59.21 +109.94  59.25 -17.21 -48.65
20210315T043917  +16.71  69.21 +110.07  69.25 -12.36 -46.93
20210315T043936  +16.20  79.20 +110.31  79.25  -7.21 -42.63
20210315T044018  +22.28 -45.70 +105.16 -45.72 -23.68 -47.57
20210315T044037  +22.17 -35.73 +105.32 -35.73 -27.12 -47.35
20210315T044055  +22.17 -25.75 +105.38 -25.73 -29.84 -47.33
20210315T044114  +22.15 -15.76 +105.45 -15.74 -31.75 -47.57
20210315T044132  +22.14  -5.76 +105.53  -5.74 -32.85 -48.11
20210315T044203  +22.10  14.23 +105.65  14.26 -32.19 -49.08
20210315T044220  +22.07  24.23 +105.73  24.26 -30.50 -49.58
20210315T044239  +22.04  34.22 +105.81  34.25 -27.99 -50.01
20210315T044257  +22.00  44.22 +105.90  44.25 -24.73 -50.07
20210315T044315  +21.93  54.22 +105.99  54.25 -20.78 -49.39
20210315T044333  +21.81  64.21 +106.10  64.25 -16.34 -48.27
20210315T044853  +21.55  74.21 +107.51  74.25 -11.39 -44.94
20210315T044911  +20.15  84.21 +108.04  84.26  -6.12 -34.05
20210315T044955  +27.24 -50.64 +102.58 -50.71 -21.03 -47.84
20210315T045013  +27.17 -40.71 +102.74 -40.72 -25.01 -47.54
20210315T045032  +27.16 -30.73 +102.80 -30.73 -28.25 -47.53
20210315T045050  +27.15 -20.74 +102.87 -20.73 -30.77 -47.68
20210315T045108  +27.14 -10.75 +102.94 -10.73 -32.47 -48.18
20210315T045127  +27.13  -0.76 +103.01  -0.74 -33.31 -48.53
20210315T045145  +27.11   9.24 +103.09   9.26 -33.21 -48.99
20210315T045203  +27.08  19.24 +103.16  19.26 -32.19 -49.49
20210315T045220  +27.05  29.23 +103.24  29.26 -30.32 -49.90
20210315T045239  +27.02  39.23 +103.33  39.26 -27.61 -49.96
20210315T045257  +26.96  49.23 +103.41  49.25 -24.18 -49.23
20210315T045315  +26.87  59.22 +103.51  59.25 -20.11 -48.42
20210315T045333  +26.70  69.22 +103.64  69.25 -15.52 -46.95
20210315T045352  +26.18  79.22 +103.88  79.25 -10.52 -42.71
20210315T045434  +32.24 -45.67  +98.75 -45.72 -22.57 -47.55
20210315T045453  +32.16 -35.71  +98.90 -35.73 -26.31 -47.31
20210315T045511  +32.15 -25.73  +98.97 -25.73 -29.38 -47.25
20210315T045529  +32.14 -15.74  +99.04 -15.73 -31.69 -47.40
20210315T045605  +32.11   4.25  +99.18   4.26 -33.72 -48.30
20210315T045624  +32.09  14.25  +99.26  14.26 -33.39 -48.79
20210315T045700  +32.04  34.24  +99.41  34.26 -30.04 -49.62
20210315T045718  +31.99  44.24  +99.50  44.25 -27.14 -49.62
20210315T045737  +31.92  54.23  +99.59  54.25 -23.55 -48.94
20210315T045755  +31.80  64.23  +99.70  64.25 -19.32 -47.81
20210315T045813  +31.52  74.23  +99.86  74.25 -14.65 -45.53
20210315T045831  +30.13  84.23 +100.35  84.26  -9.74 -34.48
20210315T045914  +37.24 -40.69  +94.91 -40.72 -24.02 -47.45
20210315T045932  +37.15 -30.72  +95.07 -30.73 -27.59 -47.21
20210315T045950  +37.14 -20.73  +95.14 -20.73 -30.45 -47.23
20210315T050009  +37.13 -10.74  +95.21 -10.74 -32.51 -47.55
20210315T050027  +37.12  -0.74  +95.28  -0.74 -33.76 -47.85
20210315T050045  +37.10   9.26  +95.35   9.26 -34.09 -48.22
20210315T050103  +37.08  19.25  +95.43  19.26 -33.51 -48.62
20210315T050121  +37.05  29.25  +95.50  29.26 -32.04 -49.02
20210315T050140  +37.01  39.25  +95.59  39.26 -29.71 -49.41
20210315T050158  +36.96  49.24  +95.67  49.25 -26.64 -49.14
20210315T050217  +36.87  59.24  +95.77  59.25 -22.89 -48.34
20210315T050235  +36.69  69.24  +95.90  69.25 -18.53 -46.86
20210315T050253  +36.17  79.24  +96.12  79.25 -13.77 -42.62
20210315T050333  +42.22 -35.69  +91.00 -35.73 -25.42 -47.29
20210315T050351  +42.14 -25.71  +91.15 -25.73 -28.79 -47.05
20210315T050410  +42.13 -15.72  +91.22 -15.74 -31.43 -47.00
20210315T050427  +42.12  -5.73  +91.29  -5.74 -33.29 -47.31
20210315T050446  +42.10   4.27  +91.36   4.26 -34.30 -47.64
20210315T050504  +42.08  14.26  +91.43  14.26 -34.40 -48.00
20210315T050522  +42.06  24.26  +91.51  24.26 -33.59 -48.36
20210315T050540  +42.03  34.26  +91.59  34.26 -31.89 -48.72
20210315T050558  +41.98  44.25  +91.67  44.25 -29.35 -48.98
20210315T050616  +41.92  54.25  +91.76  54.25 -26.09 -48.63
20210315T050635  +41.80  64.25  +91.87  64.25 -22.17 -47.50
20210315T050653  +41.52  74.25  +92.02  74.25 -17.69 -45.20
20210315T050711  +40.13  84.25  +92.48  84.26 -13.03 -34.24
20210315T050811  +47.12 -30.69  +87.25 -30.73 -26.67 -47.08
20210315T050829  +47.12 -20.71  +87.31 -20.74 -29.87 -47.06
20210315T050848  +47.12 -10.72  +87.38 -10.74 -32.33 -47.31
20210315T050906  +47.11  -0.72  +87.45  -0.74 -33.97 -47.53
20210315T050924  +47.09   9.27  +87.53   9.26 -34.74 -47.87
20210315T050942  +47.07  19.27  +87.60  19.26 -34.60 -48.20
20210315T051001  +47.04  29.27  +87.68  29.26 -33.56 -48.50
20210315T051019  +47.01  39.26  +87.76  39.25 -31.63 -48.82
20210315T051037  +46.95  49.26  +87.85  49.25 -28.91 -48.66
20210315T051114  +46.69  69.25  +88.06  69.25 -21.42 -46.34
20210315T051132  +46.18  79.25  +88.27  79.25 -16.95 -42.12
20210315T051230  +52.11 -25.69  +83.33 -25.74 -27.95 -46.66
20210315T051248  +52.11 -15.71  +83.40 -15.74 -30.97 -46.57
20210315T051306  +52.10  -5.71  +83.46  -5.74 -33.23 -46.80
20210315T051324  +52.09   4.28  +83.53   4.26 -34.62 -47.08
20210315T051343  +52.08  14.28  +83.61  14.26 -35.14 -47.39
20210315T051420  +52.03  34.27  +83.76  34.25 -33.47 -47.92
20210315T051438  +51.98  44.27  +83.85  44.25 -31.35 -48.22
20210315T051457  +51.92  54.27  +83.94  54.25 -28.43 -47.96
20210315T051515  +51.80  64.26  +84.04  64.25 -24.80 -46.84
20210315T051533  +51.53  74.26  +84.18  74.25 -20.62 -44.53
20210315T051551  +50.17  84.26  +84.61  84.25 -16.52 -33.39
20210315T051631  +57.17 -30.66  +79.26 -30.74 -25.72 -46.45
20210315T051650  +57.10 -20.69  +79.41 -20.74 -29.16 -46.26
20210315T051708  +57.10 -10.70  +79.48 -10.74 -31.98 -46.34
20210315T051727  +57.09  -0.71  +79.55  -0.74 -34.01 -46.34
20210315T051745  +57.08   9.29  +79.62   9.26 -35.18 -46.60
20210315T051803  +57.06  19.28  +79.70  19.26 -35.46 -46.87
20210315T051821  +57.04  29.28  +79.77  29.25 -34.80 -47.09
20210315T051839  +57.00  39.28  +79.85  39.25 -33.29 -47.32
20210315T051858  +56.95  49.27  +79.94  49.25 -30.93 -47.36
20210315T051916  +56.87  59.27  +80.03  59.25 -27.81 -46.96
20210315T051934  +56.70  69.27  +80.14  69.25 -24.05 -45.44
20210315T051952  +56.20  79.27  +80.34  79.25 -19.78 -41.15
20210315T052031  +62.15 -25.66  +75.26 -25.74 -27.02 -45.82
20210315T052049  +62.09 -15.69  +75.41 -15.74 -30.30 -45.57
20210315T052107  +62.09  -5.70  +75.48  -5.74 -32.88 -45.66
20210315T052126  +62.08   4.30  +75.55   4.25 -34.69 -45.75
20210315T052144  +62.07  14.29  +75.62  14.25 -35.61 -45.95
20210315T052202  +62.05  24.29  +75.70  24.25 -35.62 -46.15
20210315T052220  +62.02  34.29  +75.78  34.25 -34.73 -46.37
20210315T052239  +61.98  44.28  +75.86  44.25 -32.98 -46.52
20210315T052257  +61.92  54.28  +75.94  54.25 -30.41 -46.52
20210315T052316  +61.81  64.28  +76.04  64.25 -27.09 -45.70
20210315T052335  +61.55  74.28  +76.18  74.25 -23.18 -43.35
20210315T052353  +60.25  84.28  +76.57  84.25 -19.32 -32.19
20210315T052450  +67.08 -10.68  +71.42 -10.75 -31.33 -45.14
20210315T052508  +67.08  -0.69  +71.49  -0.75 -33.69 -45.04
20210315T052526  +67.07   9.30  +71.56   9.25 -35.21 -45.10
20210315T052544  +67.05  19.30  +71.63  19.25 -35.88 -45.22
20210315T052602  +67.03  29.29  +71.71  29.25 -35.66 -45.37
20210315T052621  +67.00  39.29  +71.78  39.25 -34.53 -45.60
20210315T052652  +66.87  59.29  +71.93  59.25 -29.74 -45.36
20210315T052709  +66.71  69.28  +72.04  69.25 -26.27 -44.08
20210315T052728  +66.24  79.29  +72.22  79.25 -22.35 -39.79
20210315T052822  +72.06  -5.68  +67.31  -5.75 -32.22 -44.26
20210315T052858  +72.06  14.31  +67.44  14.25 -35.65 -44.30
20210315T052953  +71.98  44.30  +67.67  44.24 -34.13 -44.60
20210315T053011  +71.92  54.29  +67.76  54.24 -31.92 -44.58
20210315T053029  +71.82  64.29  +67.85  64.24 -28.94 -43.98
20210315T053048  +71.57  74.29  +67.98  74.24 -25.31 -41.87
20210315T053106  +70.35  84.29  +68.33  84.25 -22.07 -30.59
20210315T053236  +77.04  19.31  +63.36  19.25 -35.99 -43.42
20210315T053331  +76.95  49.30  +63.59  49.24 -33.69 -43.51
20210315T053349  +76.88  59.30  +63.67  59.24 -31.24 -43.33
20210315T053407  +76.73  69.30  +63.78  69.24 -28.05 -42.27
20210315T053426  +76.29  79.30  +63.95  79.24 -24.34 -38.17
20210315T053458  +82.09   4.34  +58.90   4.24 -34.05 -42.43
20210315T053516  +82.04  14.33  +59.03  14.24 -35.58 -42.36
20210315T053610  +81.98  44.31  +59.25  44.24 -35.02 -42.30
20210315T053629  +81.93  54.31  +59.33  54.24 -33.12 -42.17
20210315T053647  +81.83  64.30  +59.43  64.24 -30.40 -41.60
20210315T053705  +81.61  74.30  +59.55  74.24 -27.01 -39.71
20210315T053723  +80.47  84.31  +59.87  84.24 -24.06 -28.81
20210315T053849  +86.99  39.32  +54.92  39.24 -35.96 -41.17
20210315T053907  +86.96  49.31  +55.00  49.23 -34.59 -41.00
20210315T053925  +86.89  59.31  +55.08  59.23 -32.39 -40.72
20210315T053944  +86.76  69.31  +55.18  69.23 -29.45 -39.72
20210315T054002  +86.36  79.31  +55.34  79.24 -26.00 -35.85
20210315T054109  +92.00  34.33  +50.50  34.23 -36.41 -39.94
20210315T054127  +91.98  44.32  +50.58  44.23 -35.62 -39.92
20210315T054145  +91.93  54.32  +50.66  54.23 -33.93 -39.74
20210315T054203  +91.85  64.32  +50.75  64.23 -31.47 -39.10
20210315T054222  +91.65  74.31  +50.86  74.23 -28.33 -37.25
20210315T054240  +90.62  84.32  +51.16  84.24 -25.55 -26.55
20210315T054326  +96.98  39.33  +46.08  39.23 -36.18 -38.68
20210315T054344  +96.95  49.33  +46.16  49.23 -35.00 -38.49
20210315T054403  +96.90  59.32  +46.24  59.23 -33.07 -38.16
20210315T054420  +96.79  69.32  +46.34  69.23 -30.32 -37.10
20210315T054439  +96.43  79.32  +46.49  79.23 -27.13 -33.22
20210315T054542 +101.94  54.33  +41.65  54.22 -34.21 -37.04
20210315T054600 +101.87  64.32  +41.74  64.22 -31.95 -36.35
20210315T054720 +106.95  49.34  +37.07  49.22 -34.96 -35.65
20210315T054738 +106.91  59.33  +37.15  59.22 -33.16 -35.32
20210315T054757 +106.82  69.33  +37.25  69.22 -30.65 -34.25
20210315T054815 +106.51  79.33  +37.39  79.22 -27.62 -30.40
20210315T054847 +111.94  54.34  +32.43  54.21 -34.04 -34.17
20210315T055429 +111.95  64.33  +33.81  64.21 -31.71 -33.33
20210315T055448 +111.74  74.33  +33.98  74.22 -28.97 -31.29
20210315T055505 +110.97  84.33  +34.24  84.22 -26.61 -20.71
20210315T055529 +116.95  49.36  +29.09  49.21 -34.41 -32.66
20210315T055547 +116.92  59.34  +29.20  59.21 -32.71 -32.36
20210315T055605 +116.85  69.33  +29.29  69.21 -30.32 -31.26
20210315T055624 +116.59  79.33  +29.43  79.21 -27.49 -27.45
20210315T055646 +121.94  54.36  +24.43  54.20 -33.38 -31.04
20210315T055703 +121.90  64.34  +24.53  64.21 -31.34 -30.41
20210315T055721 +121.79  74.33  +24.64  74.21 -28.70 -28.49
20210315T055740 +121.16  84.33  +24.90  84.21 -26.53 -18.30
20210315T055802 +126.94  59.36  +19.76  59.20 -32.14 -29.27
20210315T055820 +126.88  69.34  +19.87  69.20 -29.76 -28.20
20210315T055838 +126.68  79.33  +20.01  79.20 -26.97 -24.50
20210315T055918 +131.92  64.35  +15.11  64.20 -30.43 -27.56
20210315T055937 +131.84  74.34  +15.22  74.20 -27.87 -25.77
20210315T055955 +131.35  84.33  +15.51  84.20 -25.53 -15.75
20210315T060018 +136.94  59.37  +10.34  59.19 -30.91 -26.41
20210315T060036 +136.91  69.34  +10.46  69.19 -28.58 -25.51
20210315T060055 +136.77  79.33  +10.61  79.19 -25.86 -21.87
20210315T060115 +141.95  64.36   +5.61  64.19 -29.10 -24.75
20210315T060133 +141.89  74.33   +5.74  74.19 -26.53 -22.96
20210315T060151 +141.54  84.33   +6.05  84.19 -24.28 -13.15
20210315T060211 +146.95  69.34   +0.87  69.18 -27.03 -22.81
20210315T060229 +146.85  79.33   +1.05  79.19 -24.28 -19.19
20210315T060248 +151.97  64.36 +356.03  64.18 -27.30 -22.16
20210315T060306 +151.95  74.33 +356.16  74.18 -24.68 -20.43
20210315T060325 +151.72  84.32 +356.51  84.18 -22.36 -10.88
20210315T060345 +156.99  69.34 +351.30  69.18 -25.00 -20.39
20210315T060404 +156.94  79.32 +351.49  79.18 -22.26 -16.91
20210315T060423 +162.00  64.37 +346.45  64.17 -25.06 -19.79
20210315T060441 +162.00  74.32 +346.60  74.17 -22.42 -18.22
20210315T060500 +161.88  84.31 +347.00  84.18 -19.93  -8.97
20210315T060520 +167.03  69.33 +341.72  69.17 -22.57 -18.32
20210315T060538 +167.01  79.31 +341.94  79.17 -19.79 -15.05
20210315T060616 +172.05  74.31 +337.03  74.17 -19.86 -16.60
20210315T060634 +172.03  84.30 +337.50  84.17 -17.33  -7.57
20210315T060654 +177.07  69.32 +332.15  69.16 -19.92 -16.89
20210315T060712 +177.08  79.30 +332.39  79.17 -17.00 -13.57
RMS residual = 51.20
Fitting model ... done.
Residuals:
20210315T042158   +2.19 -35.76 +120.63 -35.73 -28.41 -45.82  +0.54  +0.33
20210315T042215   +2.18 -25.78 +120.69 -25.73 -30.46 -45.87  +0.11  +0.40
20210315T042252   +2.15  -5.79 +120.84  -5.74 -31.87 -46.75  -0.50  +0.15
20210315T042311   +2.13   4.20 +120.91   4.26 -31.20 -47.29  -0.66  +0.04
20210315T042328   +2.11  14.20 +120.99  14.26 -29.59 -47.88  -0.70  -0.15
20210315T042346   +2.09  24.20 +121.07  24.26 -27.11 -48.41  -0.64  -0.38
20210315T042442   +1.95  54.19 +121.34  54.25 -15.41 -47.79  +0.13  -0.16
20210315T042459   +1.84  64.18 +121.45  64.25 -10.47 -45.92  +0.54  +0.74
20210315T042518   +1.58  74.18 +121.62  74.25  -5.18 -43.66  +1.02  +0.70
20210315T042536   +0.30  84.18 +122.16  84.25  +0.64 -32.76  +1.45  +0.65
20210315T042638   +7.19 -40.75 +116.81 -40.73 -26.62 -46.51  +0.81  +0.16
20210315T042656   +7.18 -30.76 +116.87 -30.73 -29.25 -46.51  +0.43  +0.20
20210315T042733   +7.15 -10.78 +117.01 -10.74 -31.97 -47.41  -0.17  -0.18
20210315T042751   +7.14  -0.79 +117.09  -0.74 -31.99 -47.84  -0.38  -0.20
20210315T042809   +7.12   9.21 +117.16   9.26 -31.03 -48.42  -0.46  -0.35
20210315T042827   +7.10  19.21 +117.24  19.26 -29.17 -48.97  -0.44  -0.55
20210315T042845   +7.07  29.20 +117.32  29.25 -26.47 -49.40  -0.34  -0.75
20210315T042903   +7.04  39.20 +117.40  39.25 -23.04 -49.44  -0.17  -0.76
20210315T042921   +6.98  49.20 +117.50  49.25 -18.93 -48.64  +0.09  -0.21
20210315T042939   +6.90  59.19 +117.60  59.25 -14.28 -47.61  +0.43  +0.15
20210315T042958   +6.73  69.19 +117.73  69.25  -9.26 -45.77  +0.78  +0.56
20210315T043016   +6.23  79.19 +117.98  79.25  -3.83 -41.62  +1.20  +0.53
20210315T043058  +12.29 -45.72 +112.81 -45.72 -24.65 -46.96  +0.77  +0.16
20210315T043116  +12.19 -35.75 +112.97 -35.73 -27.82 -46.69  +0.47  +0.39
20210315T043135  +12.17 -25.76 +113.04 -25.73 -30.21 -46.71  +0.18  +0.49
20210315T043153  +12.16 -15.77 +113.11 -15.74 -31.76 -46.99  -0.05  +0.48
20210315T043211  +12.14  -5.78 +113.18  -5.74 -32.41 -47.56  -0.23  +0.28
20210315T043230  +12.13   4.22 +113.25   4.26 -32.13 -48.08  -0.33  +0.18
20210315T043249  +12.11  14.22 +113.33  14.26 -30.91 -48.66  -0.33  +0.01
20210315T043307  +12.08  24.21 +113.41  24.26 -28.81 -49.18  -0.27  -0.21
20210315T043325  +12.05  34.21 +113.50  34.25 -25.91 -49.57  -0.15  -0.46
20210315T043343  +12.00  44.21 +113.58  44.25 -22.28 -49.51  +0.02  -0.50
20210315T043402  +11.94  54.20 +113.68  54.25 -18.07 -48.81  +0.23  -0.23
20210315T043420  +11.82  64.20 +113.79  64.25 -13.29 -47.35  +0.54  +0.27
20210315T043438  +11.55  74.20 +113.96  74.25  -8.15 -44.97  +0.84  +0.38
20210315T043456  +10.21  84.20 +114.49  84.25  -2.64 -33.91  +0.90  +0.59
20210315T043558  +17.18 -40.73 +109.16 -40.72 -25.88 -47.29  +0.52  +0.08
20210315T043615  +17.17 -30.75 +109.22 -30.73 -28.84 -47.29  +0.29  +0.12
20210315T043634  +17.16 -20.76 +109.28 -20.73 -31.00 -47.60  +0.10  +0.01
20210315T043652  +17.15 -10.77 +109.36 -10.74 -32.29 -48.11  -0.04  -0.17
20210315T043710  +17.13  -0.77 +109.43  -0.74 -32.71 -48.52  -0.17  -0.18
20210315T043728  +17.11   9.23 +109.50   9.26 -32.18 -49.05  -0.21  -0.29
20210315T043746  +17.09  19.22 +109.58  19.26 -30.72 -49.60  -0.18  -0.46
20210315T043804  +17.06  29.22 +109.66  29.26 -28.42 -50.06  -0.12  -0.70
20210315T043822  +17.03  39.21 +109.74  39.25 -25.33 -50.16  -0.00  -0.77
20210315T043841  +16.97  49.21 +109.84  49.25 -21.56 -49.46  +0.14  -0.31
20210315T043859  +16.88  59.21 +109.94  59.25 -17.21 -48.65  +0.31  -0.16
20210315T043917  +16.71  69.21 +110.07  69.25 -12.36 -46.93  +0.54  +0.14
20210315T043936  +16.20  79.20 +110.31  79.25  -7.21 -42.63  +0.63  +0.30
20210315T044018  +22.28 -45.70 +105.16 -45.72 -23.68 -47.57  +0.37  +0.01
20210315T044037  +22.17 -35.73 +105.32 -35.73 -27.12 -47.35  +0.25  +0.20
20210315T044055  +22.17 -25.75 +105.38 -25.73 -29.84 -47.33  +0.14  +0.33
20210315T044114  +22.15 -15.76 +105.45 -15.74 -31.75 -47.57  +0.04  +0.36
20210315T044132  +22.14  -5.76 +105.53  -5.74 -32.85 -48.11  -0.08  +0.19
20210315T044203  +22.10  14.23 +105.65  14.26 -32.19 -49.08  -0.10  +0.05
20210315T044220  +22.07  24.23 +105.73  24.26 -30.50 -49.58  -0.05  -0.14
20210315T044239  +22.04  34.22 +105.81  34.25 -27.99 -50.01  +0.03  -0.43
20210315T044257  +22.00  44.22 +105.90  44.25 -24.73 -50.07  +0.12  -0.58
20210315T044315  +21.93  54.22 +105.99  54.25 -20.78 -49.39  +0.25  -0.33
20210315T044333  +21.81  64.21 +106.10  64.25 -16.34 -48.27  +0.34  -0.16
20210315T044853  +21.55  74.21 +107.51  74.25 -11.39 -44.94  +0.50  +0.93
20210315T044911  +20.15  84.21 +108.04  84.26  -6.12 -34.05  +0.29  +1.09
20210315T044955  +27.24 -50.64 +102.58 -50.71 -21.03 -47.84  +0.26  -0.17
20210315T045013  +27.17 -40.71 +102.74 -40.72 -25.01 -47.54  +0.14  +0.05
20210315T045032  +27.16 -30.73 +102.80 -30.73 -28.25 -47.53  +0.10  +0.10
20210315T045050  +27.15 -20.74 +102.87 -20.73 -30.77 -47.68  +0.04  +0.15
20210315T045108  +27.14 -10.75 +102.94 -10.73 -32.47 -48.18  -0.00  -0.02
20210315T045127  +27.13  -0.76 +103.01  -0.74 -33.31 -48.53  -0.05  +0.04
20210315T045145  +27.11   9.24 +103.09   9.26 -33.21 -48.99  -0.06  +0.00
20210315T045203  +27.08  19.24 +103.16  19.26 -32.19 -49.49  -0.02  -0.14
20210315T045220  +27.05  29.23 +103.24  29.26 -30.32 -49.90  +0.00  -0.31
20210315T045239  +27.02  39.23 +103.33  39.26 -27.61 -49.96  +0.07  -0.33
20210315T045257  +26.96  49.23 +103.41  49.25 -24.18 -49.23  +0.13  +0.15
20210315T045315  +26.87  59.22 +103.51  59.25 -20.11 -48.42  +0.20  +0.32
20210315T045333  +26.70  69.22 +103.64  69.25 -15.52 -46.95  +0.25  +0.38
20210315T045352  +26.18  79.22 +103.88  79.25 -10.52 -42.71  +0.21  +0.53
20210315T045434  +32.24 -45.67  +98.75 -45.72 -22.57 -47.55  -0.09  -0.01
20210315T045453  +32.16 -35.71  +98.90 -35.73 -26.31 -47.31  -0.06  +0.20
20210315T045511  +32.15 -25.73  +98.97 -25.73 -29.38 -47.25  -0.05  +0.38
20210315T045529  +32.14 -15.74  +99.04 -15.73 -31.69 -47.40  -0.05  +0.50
20210315T045605  +32.11   4.25  +99.18   4.26 -33.72 -48.30  -0.02  +0.40
20210315T045624  +32.09  14.25  +99.26  14.26 -33.39 -48.79  +0.01  +0.33
20210315T045700  +32.04  34.24  +99.41  34.26 -30.04 -49.62  +0.08  -0.05
20210315T045718  +31.99  44.24  +99.50  44.25 -27.14 -49.62  +0.12  -0.14
20210315T045737  +31.92  54.23  +99.59  54.25 -23.55 -48.94  +0.14  +0.12
20210315T045755  +31.80  64.23  +99.70  64.25 -19.32 -47.81  +0.17  +0.30
20210315T045813  +31.52  74.23  +99.86  74.25 -14.65 -45.53  +0.10  +0.37
20210315T045831  +30.13  84.23 +100.35  84.26  -9.74 -34.48  -0.39  +0.83
20210315T045914  +37.24 -40.69  +94.91 -40.72 -24.02 -47.45  -0.32  -0.14
20210315T045932  +37.15 -30.72  +95.07 -30.73 -27.59 -47.21  -0.23  +0.15
20210315T045950  +37.14 -20.73  +95.14 -20.73 -30.45 -47.23  -0.14  +0.32
20210315T050009  +37.13 -10.74  +95.21 -10.74 -32.51 -47.55  -0.06  +0.33
20210315T050027  +37.12  -0.74  +95.28  -0.74 -33.76 -47.85  -0.02  +0.44
20210315T050045  +37.10   9.26  +95.35   9.26 -34.09 -48.22  +0.02  +0.50
20210315T050103  +37.08  19.25  +95.43  19.26 -33.51 -48.62  +0.08  +0.47
20210315T050121  +37.05  29.25  +95.50  29.26 -32.04 -49.02  +0.11  +0.31
20210315T050140  +37.01  39.25  +95.59  39.26 -29.71 -49.41  +0.14  -0.05
20210315T050158  +36.96  49.24  +95.67  49.25 -26.64 -49.14  +0.13  -0.01
20210315T050217  +36.87  59.24  +95.77  59.25 -22.89 -48.34  +0.09  +0.15
20210315T050235  +36.69  69.24  +95.90  69.25 -18.53 -46.86  +0.04  +0.25
20210315T050253  +36.17  79.24  +96.12  79.25 -13.77 -42.62  -0.18  +0.44
20210315T050333  +42.22 -35.69  +91.00 -35.73 -25.42 -47.29  -0.47  -0.30
20210315T050351  +42.14 -25.71  +91.15 -25.73 -28.79 -47.05  -0.30  +0.07
20210315T050410  +42.13 -15.72  +91.22 -15.74 -31.43 -47.00  -0.16  +0.39
20210315T050427  +42.12  -5.73  +91.29  -5.74 -33.29 -47.31  -0.05  +0.46
20210315T050446  +42.10   4.27  +91.36   4.26 -34.30 -47.64  +0.02  +0.55
20210315T050504  +42.08  14.26  +91.43  14.26 -34.40 -48.00  +0.07  +0.60
20210315T050522  +42.06  24.26  +91.51  24.26 -33.59 -48.36  +0.11  +0.56
20210315T050540  +42.03  34.26  +91.59  34.26 -31.89 -48.72  +0.13  +0.34
20210315T050558  +41.98  44.25  +91.67  44.25 -29.35 -48.98  +0.14  -0.00
20210315T050616  +41.92  54.25  +91.76  54.25 -26.09 -48.63  +0.08  -0.07
20210315T050635  +41.80  64.25  +91.87  64.25 -22.17 -47.50  -0.01  +0.13
20210315T050653  +41.52  74.25  +92.02  74.25 -17.69 -45.20  -0.16  +0.25
20210315T050711  +40.13  84.25  +92.48  84.26 -13.03 -34.24  -0.74  +0.73
20210315T050811  +47.12 -30.69  +87.25 -30.73 -26.67 -47.08  -0.44  -0.47
20210315T050829  +47.12 -20.71  +87.31 -20.74 -29.87 -47.06  -0.26  -0.25
20210315T050848  +47.12 -10.72  +87.38 -10.74 -32.33 -47.31  -0.10  -0.18
20210315T050906  +47.11  -0.72  +87.45  -0.74 -33.97 -47.53  +0.01  +0.02
20210315T050924  +47.09   9.27  +87.53   9.26 -34.74 -47.87  +0.09  +0.10
20210315T050942  +47.07  19.27  +87.60  19.26 -34.60 -48.20  +0.15  +0.15
20210315T051001  +47.04  29.27  +87.68  29.26 -33.56 -48.50  +0.16  +0.08
20210315T051019  +47.01  39.26  +87.76  39.25 -31.63 -48.82  +0.16  -0.20
20210315T051037  +46.95  49.26  +87.85  49.25 -28.91 -48.66  +0.11  -0.27
20210315T051114  +46.69  69.25  +88.06  69.25 -21.42 -46.34  -0.19  +0.05
20210315T051132  +46.18  79.25  +88.27  79.25 -16.95 -42.12  -0.58  +0.27
20210315T051230  +52.11 -25.69  +83.33 -25.74 -27.95 -46.66  -0.46  -0.53
20210315T051248  +52.11 -15.71  +83.40 -15.74 -30.97 -46.57  -0.25  -0.16
20210315T051306  +52.10  -5.71  +83.46  -5.74 -33.23 -46.80  -0.09  -0.01
20210315T051324  +52.09   4.28  +83.53   4.26 -34.62 -47.08  +0.05  +0.14
20210315T051343  +52.08  14.28  +83.61  14.26 -35.14 -47.39  +0.15  +0.23
20210315T051420  +52.03  34.27  +83.76  34.25 -33.47 -47.92  +0.18  +0.16
20210315T051438  +51.98  44.27  +83.85  44.25 -31.35 -48.22  +0.11  -0.22
20210315T051457  +51.92  54.27  +83.94  54.25 -28.43 -47.96  -0.00  -0.37
20210315T051515  +51.80  64.26  +84.04  64.25 -24.80 -46.84  -0.16  -0.16
20210315T051533  +51.53  74.26  +84.18  74.25 -20.62 -44.53  -0.45  -0.02
20210315T051551  +50.17  84.26  +84.61  84.25 -16.52 -33.39  -1.35  +0.76
20210315T051631  +57.17 -30.66  +79.26 -30.74 -25.72 -46.45  -0.75  -1.06
20210315T051650  +57.10 -20.69  +79.41 -20.74 -29.16 -46.26  -0.40  -0.66
20210315T051708  +57.10 -10.70  +79.48 -10.74 -31.98 -46.34  -0.18  -0.42
20210315T051727  +57.09  -0.71  +79.55  -0.74 -34.01 -46.34  -0.01  -0.00
20210315T051745  +57.08   9.29  +79.62   9.26 -35.18 -46.60  +0.12  +0.17
20210315T051803  +57.06  19.28  +79.70  19.26 -35.46 -46.87  +0.18  +0.27
20210315T051821  +57.04  29.28  +79.77  29.25 -34.80 -47.09  +0.22  +0.29
20210315T051839  +57.00  39.28  +79.85  39.25 -33.29 -47.32  +0.16  +0.10
20210315T051858  +56.95  49.27  +79.94  49.25 -30.93 -47.36  +0.07  -0.17
20210315T051916  +56.87  59.27  +80.03  59.25 -27.81 -46.96  -0.11  -0.39
20210315T051934  +56.70  69.27  +80.14  69.25 -24.05 -45.44  -0.38  -0.22
20210315T051952  +56.20  79.27  +80.34  79.25 -19.78 -41.15  -0.80  +0.10
20210315T052031  +62.15 -25.66  +75.26 -25.74 -27.02 -45.82  -0.64  -1.12
20210315T052049  +62.09 -15.69  +75.41 -15.74 -30.30 -45.57  -0.31  -0.59
20210315T052107  +62.09  -5.70  +75.48  -5.74 -32.88 -45.66  -0.05  -0.30
20210315T052126  +62.08   4.30  +75.55   4.25 -34.69 -45.75  +0.11  +0.04
20210315T052144  +62.07  14.29  +75.62  14.25 -35.61 -45.95  +0.21  +0.25
20210315T052202  +62.05  24.29  +75.70  24.25 -35.62 -46.15  +0.27  +0.36
20210315T052220  +62.02  34.29  +75.78  34.25 -34.73 -46.37  +0.25  +0.29
20210315T052239  +61.98  44.28  +75.86  44.25 -32.98 -46.52  +0.15  +0.06
20210315T052257  +61.92  54.28  +75.94  54.25 -30.41 -46.52  -0.02  -0.34
20210315T052316  +61.81  64.28  +76.04  64.25 -27.09 -45.70  -0.26  -0.42
20210315T052335  +61.55  74.28  +76.18  74.25 -23.18 -43.35  -0.62  -0.23
20210315T052353  +60.25  84.28  +76.57  84.25 -19.32 -32.19  -1.43  +0.66
20210315T052450  +67.08 -10.68  +71.42 -10.75 -31.33 -45.14  -0.14  -0.85
20210315T052508  +67.08  -0.69  +71.49  -0.75 -33.69 -45.04  +0.10  -0.33
20210315T052526  +67.07   9.30  +71.56   9.25 -35.21 -45.10  +0.28  +0.04
20210315T052544  +67.05  19.30  +71.63  19.25 -35.88 -45.22  +0.35  +0.29
20210315T052602  +67.03  29.29  +71.71  29.25 -35.66 -45.37  +0.34  +0.38
20210315T052621  +67.00  39.29  +71.78  39.25 -34.53 -45.60  +0.27  +0.20
20210315T052652  +66.87  59.29  +71.93  59.25 -29.74 -45.36  -0.11  -0.41
20210315T052709  +66.71  69.28  +72.04  69.25 -26.27 -44.08  -0.45  -0.47
20210315T052728  +66.24  79.29  +72.22  79.25 -22.35 -39.79  -1.00  -0.11
20210315T052822  +72.06  -5.68  +67.31  -5.75 -32.22 -44.26  +0.10  -0.72
20210315T052858  +72.06  14.31  +67.44  14.25 -35.65 -44.30  +0.42  +0.08
20210315T052953  +71.98  44.30  +67.67  44.24 -34.13 -44.60  +0.32  +0.16
20210315T053011  +71.92  54.29  +67.76  54.24 -31.92 -44.58  +0.08  -0.21
20210315T053029  +71.82  64.29  +67.85  64.24 -28.94 -43.98  -0.23  -0.52
20210315T053048  +71.57  74.29  +67.98  74.24 -25.31 -41.87  -0.66  -0.55
20210315T053106  +70.35  84.29  +68.33  84.25 -22.07 -30.59  -1.69  +0.53
20210315T053236  +77.04  19.31  +63.36  19.25 -35.99 -43.42  +0.52  +0.09
20210315T053331  +76.95  49.30  +63.59  49.24 -33.69 -43.51  +0.23  +0.06
20210315T053349  +76.88  59.30  +63.67  59.24 -31.24 -43.33  -0.06  -0.37
20210315T053407  +76.73  69.30  +63.78  69.24 -28.05 -42.27  -0.44  -0.66
20210315T053426  +76.29  79.30  +63.95  79.24 -24.34 -38.17  -0.95  -0.47
20210315T053458  +82.09   4.34  +58.90   4.24 -34.05 -42.43  +0.23  -0.64
20210315T053516  +82.04  14.33  +59.03  14.24 -35.58 -42.36  +0.45  -0.14
20210315T053610  +81.98  44.31  +59.25  44.24 -35.02 -42.30  +0.35  +0.30
20210315T053629  +81.93  54.31  +59.33  54.24 -33.12 -42.17  +0.10  +0.03
20210315T053647  +81.83  64.30  +59.43  64.24 -30.40 -41.60  -0.22  -0.30
20210315T053705  +81.61  74.30  +59.55  74.24 -27.01 -39.71  -0.63  -0.54
20210315T053723  +80.47  84.31  +59.87  84.24 -24.06 -28.81  -1.53  +0.17
20210315T053849  +86.99  39.32  +54.92  39.24 -35.96 -41.17  +0.36  +0.31
20210315T053907  +86.96  49.31  +55.00  49.23 -34.59 -41.00  +0.18  +0.26
20210315T053925  +86.89  59.31  +55.08  59.23 -32.39 -40.72  -0.08  -0.08
20210315T053944  +86.76  69.31  +55.18  69.23 -29.45 -39.72  -0.45  -0.43
20210315T054002  +86.36  79.31  +55.34  79.24 -26.00 -35.85  -0.92  -0.46
20210315T054109  +92.00  34.33  +50.50  34.23 -36.41 -39.94  +0.37  +0.29
20210315T054127  +91.98  44.32  +50.58  44.23 -35.62 -39.92  +0.24  +0.23
20210315T054145  +91.93  54.32  +50.66  54.23 -33.93 -39.74  +0.05  +0.01
20210315T054203  +91.85  64.32  +50.75  64.23 -31.47 -39.10  -0.26  -0.25
20210315T054222  +91.65  74.31  +50.86  74.23 -28.33 -37.25  -0.66  -0.53
20210315T054240  +90.62  84.32  +51.16  84.24 -25.55 -26.55  -1.23  -0.01
20210315T054326  +96.98  39.33  +46.08  39.23 -36.18 -38.68  +0.28  +0.25
20210315T054344  +96.95  49.33  +46.16  49.23 -35.00 -38.49  +0.17  +0.21
20210315T054403  +96.90  59.32  +46.24  59.23 -33.07 -38.16  -0.10  -0.08
20210315T054420  +96.79  69.32  +46.34  69.23 -30.32 -37.10  -0.39  -0.37
20210315T054439  +96.43  79.32  +46.49  79.23 -27.13 -33.22  -0.82  -0.41
20210315T054542 +101.94  54.33  +41.65  54.22 -34.21 -37.04  +0.05  +0.07
20210315T054600 +101.87  64.32  +41.74  64.22 -31.95 -36.35  -0.20  -0.16
20210315T054720 +106.95  49.34  +37.07  49.22 -34.96 -35.65  +0.14  +0.33
20210315T054738 +106.91  59.33  +37.15  59.22 -33.16 -35.32  -0.03  +0.04
20210315T054757 +106.82  69.33  +37.25  69.22 -30.65 -34.25  -0.31  -0.26
20210315T054815 +106.51  79.33  +37.39  79.22 -27.62 -30.40  -0.57  -0.34
20210315T054847 +111.94  54.34  +32.43  54.21 -34.04 -34.17  +0.01  +0.15
20210315T055429 +111.95  64.33  +33.81  64.21 -31.71 -33.33  +0.07  +0.06
20210315T055448 +111.74  74.33  +33.98  74.22 -28.97 -31.29  -0.17  -0.04
20210315T055505 +110.97  84.33  +34.24  84.22 -26.61 -20.71  -0.11  +0.25
20210315T055529 +116.95  49.36  +29.09  49.21 -34.41 -32.66  +0.13  +0.50
20210315T055547 +116.92  59.34  +29.20  59.21 -32.71 -32.36  +0.08  +0.18
20210315T055605 +116.85  69.33  +29.29  69.21 -30.32 -31.26  -0.08  -0.09
20210315T055624 +116.59  79.33  +29.43  79.21 -27.49 -27.45  -0.22  -0.24
20210315T055646 +121.94  54.36  +24.43  54.20 -33.38 -31.04  -0.02  +0.46
20210315T055703 +121.90  64.34  +24.53  64.21 -31.34 -30.41  -0.05  +0.16
20210315T055721 +121.79  74.33  +24.64  74.21 -28.70 -28.49  -0.12  -0.08
20210315T055740 +121.16  84.33  +24.90  84.21 -26.53 -18.30  +0.18  -0.26
20210315T055802 +126.94  59.36  +19.76  59.20 -32.14 -29.27  -0.21  +0.46
20210315T055820 +126.88  69.34  +19.87  69.20 -29.76 -28.20  -0.14  +0.15
20210315T055838 +126.68  79.33  +20.01  79.20 -26.97 -24.50  -0.02  -0.15
20210315T055918 +131.92  64.35  +15.11  64.20 -30.43 -27.56  -0.14  +0.23
20210315T055937 +131.84  74.34  +15.22  74.20 -27.87 -25.77  -0.06  -0.17
20210315T055955 +131.35  84.33  +15.51  84.20 -25.53 -15.75  +0.80  -0.60
20210315T060018 +136.94  59.37  +10.34  59.19 -30.91 -26.41  -0.32  +0.58
20210315T060036 +136.91  69.34  +10.46  69.19 -28.58 -25.51  -0.12  +0.10
20210315T060055 +136.77  79.33  +10.61  79.19 -25.86 -21.87  +0.20  -0.29
20210315T060115 +141.95  64.36   +5.61  64.19 -29.10 -24.75  -0.31  +0.38
20210315T060133 +141.89  74.33   +5.74  74.19 -26.53 -22.96  +0.00  -0.04
20210315T060151 +141.54  84.33   +6.05  84.19 -24.28 -13.15  +1.08  -0.76
20210315T060211 +146.95  69.34   +0.87  69.18 -27.03 -22.81  -0.21  +0.23
20210315T060229 +146.85  79.33   +1.05  79.19 -24.28 -19.19  +0.37  -0.21
20210315T060248 +151.97  64.36 +356.03  64.18 -27.30 -22.16  -0.45  +0.53
20210315T060306 +151.95  74.33 +356.16  74.18 -24.68 -20.43  +0.07  +0.03
20210315T060325 +151.72  84.32 +356.51  84.18 -22.36 -10.88  +1.44  -1.02
20210315T060345 +156.99  69.34 +351.30  69.18 -25.00 -20.39  -0.26  +0.33
20210315T060404 +156.94  79.32 +351.49  79.18 -22.26 -16.91  +0.49  -0.27
20210315T060423 +162.00  64.37 +346.45  64.17 -25.06 -19.79  -0.56  +0.74
20210315T060441 +162.00  74.32 +346.60  74.17 -22.42 -18.22  +0.13  +0.07
20210315T060500 +161.88  84.31 +347.00  84.18 -19.93  -8.97  +1.76  -1.34
20210315T060520 +167.03  69.33 +341.72  69.17 -22.57 -18.32  -0.30  +0.40
20210315T060538 +167.01  79.31 +341.94  79.17 -19.79 -15.05  +0.64  -0.42
20210315T060616 +172.05  74.31 +337.03  74.17 -19.86 -16.60  +0.12  -0.12
20210315T060634 +172.03  84.30 +337.50  84.17 -17.33  -7.57  +1.78  -1.78
20210315T060654 +177.07  69.32 +332.15  69.16 -19.92 -16.89  -0.42  +0.22
20210315T060712 +177.08  79.30 +332.39  79.17 -17.00 -13.57  +0.73  -0.56
Config parameters:
  IH      -0.006080
  ID      -0.010572
  CH      -0.001212
  NP       0.004468
  MA      -0.002076
  ME      -0.004217
  TF       0.000000
  FO       0.000000
  DAF      0.009734
  HHSH    -0.002206
  HHCH     0.006720
  HHSH2    0.000120
  HHCH2   -0.000064
  HDSD     0.000381
  HDCD     0.000813
  HDSD2   -0.000549
  HDCD2   -0.000068
  DICD     0.000400
  C0       0.000000
  C1       0.000000
  C2       0.000000
  C3       0.000000
Fit:
IH     = -20.90
ID     = -36.34
CH     =  -4.17
NP     = +15.36
MA     =  -7.14
ME     = -14.50
DAF    = +33.46
HHSH   =  -7.58
HHCH   = +23.10
HHSH2  =  +0.41
HHCH2  =  -0.22
HDSD   =  +1.31
HDCD   =  +2.80
HDSD2  =  -1.89
HDCD2  =  -0.23
DICD   =  +1.37
RMS residual = 0.61
RMS residual = 0.44
