RMS residual = 21.52
n_pointings = 173
20210315T023835 -177.09  65.59 +274.19  65.48 -15.20 +53.16
20210315T023853 -176.91  75.53 +274.27  75.48 -10.61 +54.67
20210315T023912 -175.63  85.51 +273.97  85.49  -5.64 +63.92
20210315T023932 -172.05  70.54 +269.47  70.49 -11.56 +54.16
20210315T023950 -171.57  80.51 +269.41  80.49  -6.63 +57.65
20210315T024027 -166.89  75.51 +264.66  75.49  -7.60 +55.80
20210315T024045 -165.54  85.50 +264.31  85.49  -2.53 +64.91
20210315T024105 -162.04  70.52 +259.86  70.49  -8.46 +55.04
20210315T024143 -157.13  65.53 +255.06  65.49  -9.23 +54.87
20210315T024202 -156.88  75.49 +255.05  75.49  -4.33 +56.40
20210315T024220 -155.49  85.48 +254.65  85.49  +0.95 +65.54
20210315T024258 -151.53  80.47 +250.16  80.49  -0.11 +58.82
20210315T024318 -147.14  65.50 +245.47  65.49  -6.09 +54.89
20210315T024337 -146.89  75.47 +245.45  75.49  -1.03 +56.51
20210315T024417 -142.19  60.51 +240.74  60.49  -6.79 +54.49
20210315T024531 -136.92  75.45 +235.93  75.49  +2.23 +56.10
20210315T024630 -132.11  70.44 +231.25  70.49  +1.25 +54.64
20210315T024648 -131.60  80.43 +231.10  80.49  +6.48 +58.13
20210315T024729 -127.23  65.44 +226.55  65.49  +0.21 +53.50
20210315T024747 -126.97  75.42 +226.50  75.49  +5.38 +55.24
20210315T024805 -125.59  85.42 +225.95  85.49 +11.02 +64.78
20210315T024906 -122.16  70.42 +221.92  70.49  +4.28 +53.48
20210315T024925 -121.66  80.41 +221.75  80.49  +9.56 +57.12
20210315T025023 -117.03  75.40 +217.16  75.49  +8.29 +53.98
20210315T025041 -115.70  85.40 +216.57  85.49 +14.03 +63.52
20210315T025142 -112.22  70.40 +212.58  70.48  +7.04 +51.91
20210315T025236 -107.45  55.40 +207.93  55.48  +0.62 +49.65
20210315T025313 -107.10  75.39 +207.88  75.48 +10.93 +52.13
20210315T025430 -102.50  50.39 +203.43  50.48  -0.83 +48.38
20210315T025448 -102.43  60.38 +203.46  60.48  +4.30 +48.80
20210315T025517 -101.84  80.38 +203.22  80.48 +14.71 +53.66
20210315T025640  -97.50  55.38 +198.97  55.48  +2.72 +47.37
20210315T025718  -97.17  75.37 +198.91  75.48 +13.14 +50.06
20210315T025736  -96.03  85.37 +198.25  85.48 +18.86 +60.39
20210315T025843  -92.59  40.38 +194.53  40.48  -3.85 +46.19
20210315T025901  -92.55  50.37 +194.58  50.48  +1.11 +46.35
20210315T025949  -91.94  80.36 +194.36  80.48 +16.67 +51.78
20210315T030037  -87.63  25.38 +190.04  25.48 -10.00 +45.06
20210315T030133  -87.55  55.36 +190.21  55.47  +4.52 +45.45
20210315T030203  -87.26  75.36 +190.11  75.47 +14.91 +48.20
20210315T030439  -82.54  60.36 +185.96  60.47  +7.85 +44.39
20210315T030516  -82.05  80.35 +185.73  80.47 +18.16 +49.72
20210315T030721  -77.63  45.36 +181.71  45.47  +0.73 +42.57
20210315T030758  -77.52  65.35 +181.76  65.47 +11.06 +43.67
20210315T030816  -77.34  75.35 +181.68  75.47 +16.12 +45.79
20210315T030835  -76.43  85.35 +180.98  85.47 +21.79 +56.29
20210315T030947  -72.69  10.37 +177.38  10.48 -14.43 +41.16
20210315T031118  -72.59  60.35 +177.64  60.47  +8.92 +41.90
20210315T031137  -72.48  70.35 +177.62  70.47 +14.00 +43.20
20210315T031155  -72.17  80.35 +177.41  80.47 +19.03 +47.26
20210315T031344  -67.70  25.36 +173.36  25.47  -8.04 +39.79
20210315T031402  -67.69  35.36 +173.42  35.47  -3.42 +39.76
20210315T031439  -67.63  55.35 +173.51  55.46  +6.66 +40.25
20210315T031516  -67.42  75.34 +173.45  75.46 +16.77 +43.28
20210315T031534  -66.66  85.34 +172.75  85.47 +22.30 +53.88
20210315T031649  -62.71   0.37 +169.15   0.47 -17.26 +38.66
20210315T031802  -62.69  40.35 +169.41  40.46  -0.71 +38.44
20210315T031838  -62.63  60.35 +169.49  60.46  +9.39 +39.37
20210315T031915  -62.29  80.34 +169.26  80.46 +19.28 +44.79
20210315T032105  -57.72  15.36 +165.22  15.47 -11.93 +37.10
20210315T032124  -57.72  25.36 +165.29  25.47  -7.72 +37.04
20210315T032219  -57.67  55.35 +165.45  55.46  +6.90 +37.69
20210315T032255  -57.50  75.34 +165.38  75.46 +16.78 +40.77
20210315T032314  -56.88  85.34 +164.69  85.46 +22.12 +51.46
20210315T032430  -52.72  -9.62 +161.09  -9.53 -19.89 +36.17
20210315T032449  -52.73   0.37 +161.17   0.47 -17.27 +36.01
20210315T032507  -52.73  10.37 +161.24  10.47 -13.95 +35.77
20210315T032638  -52.68  60.35 +161.51  60.46  +9.19 +36.86
20210315T032656  -52.61  70.34 +161.49  70.46 +14.09 +38.17
20210315T032714  -52.41  80.34 +161.28  80.46 +18.87 +42.24
20210315T032815  -47.69 -24.60 +157.02 -24.52 -22.34 +35.00
20210315T032833  -47.72 -14.62 +157.11 -14.52 -20.94 +34.87
20210315T032852  -47.73  -4.62 +157.19  -4.53 -18.68 +34.77
20210315T032946  -47.74  25.36 +157.39  25.46  -7.94 +34.30
20210315T033058  -47.67  65.35 +157.56  65.46 +11.31 +36.10
20210315T033117  -47.58  75.34 +157.49  75.46 +16.11 +38.20
20210315T033135  -47.11  85.34 +156.81  85.46 +21.34 +48.90
20210315T033236  -42.69 -29.60 +153.12 -29.52 -22.78 +33.77
20210315T033254  -42.71 -19.61 +153.20 -19.52 -21.82 +33.68
20210315T033350  -42.74  10.37 +153.43  10.47 -14.17 +33.08
20210315T033426  -42.75  30.36 +153.56  30.46  -5.94 +33.09
20210315T033444  -42.74  40.36 +153.62  40.46  -1.27 +33.44
20210315T033502  -42.73  50.35 +153.67  50.46  +3.57 +33.76
20210315T033520  -42.72  60.35 +153.70  60.46  +8.43 +34.37
20210315T033539  -42.67  70.35 +153.68  70.46 +13.17 +35.66
20210315T033557  -42.52  80.34 +153.48  80.46 +17.85 +39.67
20210315T033656  -37.68 -34.59 +149.22 -34.52 -22.99 +32.67
20210315T033715  -37.71 -24.60 +149.29 -24.52 -22.46 +32.56
20210315T034439  -37.46 -14.61 +150.89 -14.52 -21.06 +33.17
20210315T034458  -37.74  -4.62 +151.23  -4.53 -18.95 +33.19
20210315T034610  -37.75  35.36 +151.50  35.46  -4.10 +32.55
20210315T034629  -37.75  45.36 +151.56  45.46  +0.55 +32.51
20210315T034647  -37.74  55.35 +151.60  55.46  +5.35 +32.65
20210315T034705  -37.72  65.35 +151.62  65.46 +10.15 +33.52
20210315T034723  -37.66  75.35 +151.55  75.46 +14.73 +35.63
20210315T034824  -32.57 -39.57 +146.99 -39.52 -22.87 +31.56
20210315T034842  -32.70 -29.59 +147.17 -29.52 -22.83 +31.60
20210315T034900  -32.72 -19.61 +147.25 -19.52 -21.94 +31.52
20210315T034918  -32.74  -9.61 +147.32  -9.53 -20.26 +31.28
20210315T034936  -32.75   0.38 +147.39   0.47 -17.82 +31.07
20210315T035032  -32.76  30.37 +147.60  30.46  -6.80 +30.72
20210315T035126  -32.75  60.36 +147.75  60.46  +7.08 +31.87
20210315T035145  -32.72  70.35 +147.74  70.46 +11.73 +33.12
20210315T035203  -32.63  80.35 +147.55  80.46 +16.28 +37.09
20210315T035245  -27.54 -44.55 +143.07 -44.51 -22.48 +30.38
20210315T035303  -27.69 -34.58 +143.26 -34.52 -22.94 +30.53
20210315T035322  -27.72 -24.60 +143.34 -24.52 -22.55 +30.40
20210315T035340  -27.73 -14.61 +143.42 -14.52 -21.32 +30.17
20210315T035417  -27.76   5.38 +143.57   5.47 -16.65 +29.68
20210315T035435  -27.76  15.38 +143.64  15.47 -13.32 +29.48
20210315T035454  -27.77  25.37 +143.71  25.46  -9.44 +29.59
20210315T035512  -27.78  35.37 +143.77  35.46  -5.18 +29.79
20210315T035530  -27.77  45.36 +143.83  45.46  -0.67 +30.12
20210315T035549  -27.77  55.36 +143.87  55.46  +3.96 +30.47
20210315T035607  -27.76  65.36 +143.89  65.46  +8.60 +31.28
20210315T035626  -27.73  75.36 +143.83  75.46 +13.06 +33.38
20210315T035644  -27.54  85.35 +143.21  85.46 +18.06 +43.98
20210315T035746  -22.67 -39.57 +139.44 -39.52 -22.75 +29.26
20210315T035804  -22.71 -29.59 +139.52 -29.52 -22.82 +29.17
20210315T035822  -22.73 -19.60 +139.60 -19.52 -22.09 +29.01
20210315T035840  -22.74  -9.60 +139.68  -9.52 -20.59 +28.79
20210315T035858  -22.76   0.39 +139.75   0.47 -18.38 +28.62
20210315T040007  -22.78  40.37 +140.00  40.46  -3.66 +28.79
20210315T040025  -22.79  50.37 +140.05  50.46  +0.83 +29.08
20210315T040120  -22.73  80.36 +139.90  80.46 +14.20 +34.97
20210315T040220  -17.69 -34.57 +135.59 -34.52 -22.79 +28.43
20210315T040239  -17.72 -24.59 +135.67 -24.52 -22.59 +28.30
20210315T040257  -17.74 -14.60 +135.75 -14.52 -21.56 +28.05
20210315T040316  -17.75  -4.60 +135.83  -4.53 -19.79 +27.87
20210315T040334  -17.77   5.39 +135.90   5.47 -17.36 +27.52
20210315T040352  -17.78  15.39 +135.97  15.47 -14.26 +27.31
20210315T040411  -17.78  25.38 +136.04  25.47 -10.64 +27.36
20210315T040429  -17.79  35.38 +136.11  35.46  -6.62 +27.55
20210315T040448  -17.80  45.38 +136.16  45.46  -2.35 +27.84
20210315T040506  -17.80  55.37 +136.21  55.46  +2.07 +28.16
20210315T040524  -17.80  65.37 +136.23  65.46  +6.51 +29.06
20210315T040703  -12.68 -39.56 +131.77 -39.51 -22.50 +27.29
20210315T040721  -12.71 -29.58 +131.86 -29.52 -22.80 +27.19
20210315T040740  -12.73 -19.59 +131.94 -19.52 -22.30 +27.03
20210315T040758  -12.75  -9.59 +132.01  -9.52 -21.05 +26.78
20210315T040817  -12.76   0.40 +132.09   0.47 -19.05 +26.57
20210315T040835  -12.78  10.40 +132.16  10.47 -16.42 +26.27
20210315T040854  -12.79  20.39 +132.23  20.47 -13.18 +26.21
20210315T040930  -12.80  40.38 +132.36  40.46  -5.42 +26.60
20210315T040949  -12.81  50.38 +132.41  50.46  -1.19 +26.89
20210315T041007  -12.82  60.38 +132.45  60.46  +3.15 +27.49
20210315T041026  -12.82  70.37 +132.44  70.46  +7.46 +28.96
20210315T041044  -12.83  80.37 +132.27  80.46 +11.83 +32.99
20210315T041126   -7.56 -44.54 +127.77 -44.51 -21.88 +26.30
20210315T041144   -7.70 -34.56 +127.95 -34.51 -22.67 +26.50
20210315T041203   -7.73 -24.57 +128.04 -24.52 -22.72 +26.35
20210315T041221   -7.75 -14.58 +128.11 -14.52 -21.98 +26.13
20210315T041240   -7.76  -4.59 +128.19  -4.52 -20.50 +25.92
20210315T041258   -7.78   5.41 +128.26   5.47 -18.33 +25.58
20210315T041316   -7.79  15.40 +128.34  15.47 -15.53 +25.38
20210315T041334   -7.80  25.40 +128.40  25.47 -12.22 +25.36
20210315T041352   -7.81  35.39 +128.46  35.46  -8.48 +25.55
20210315T041410   -7.82  45.39 +128.52  45.46  -4.43 +25.79
20210315T041428   -7.83  55.39 +128.57  55.46  -0.20 +26.13
20210315T041446   -7.84  65.38 +128.59  65.46  +3.99 +27.25
20210315T041504   -7.85  75.38 +128.53  75.46  +8.28 +29.48
20210315T041625   -2.68 -39.55 +124.13 -39.51 -22.39 +25.28
20210315T041643   -2.72 -29.56 +124.21 -29.52 -22.95 +25.16
20210315T041702   -2.74 -19.57 +124.29 -19.52 -22.70 +25.09
20210315T041721   -2.76  -9.58 +124.37  -9.52 -21.73 +24.93
20210315T041739   -2.77   0.42 +124.45   0.48 -20.05 +24.75
20210315T041758   -2.79  10.41 +124.52  10.47 -17.72 +24.46
20210315T041817   -2.80  20.41 +124.59  20.47 -14.78 +24.36
20210315T041836   -2.81  30.40 +124.66  30.47 -11.37 +24.60
20210315T041854   -2.82  40.40 +124.72  40.46  -7.61 +24.77
20210315T041912   -2.83  50.39 +124.77  50.46  -3.59 +25.06
20210315T041949   -2.86  70.39 +124.81  70.46  +4.69 +27.37
20210315T042007   -2.90  80.39 +124.63  80.46  +8.94 +31.32
RMS residual = 41.95
Fitting model ... done.
Residuals:
20210315T023835 -177.09  65.59 +274.19  65.48 -15.20 +53.16  +0.94  +0.43
20210315T023853 -176.91  75.53 +274.27  75.48 -10.61 +54.67  -0.23  -0.15
20210315T023912 -175.63  85.51 +273.97  85.49  -5.64 +63.92  -1.91  -1.34
20210315T023932 -172.05  70.54 +269.47  70.49 -11.56 +54.16  +0.25  +0.07
20210315T023950 -171.57  80.51 +269.41  80.49  -6.63 +57.65  -0.85  -0.33
20210315T024027 -166.89  75.51 +264.66  75.49  -7.60 +55.80  -0.26  -0.05
20210315T024045 -165.54  85.50 +264.31  85.49  -2.53 +64.91  -1.88  -1.27
20210315T024105 -162.04  70.52 +259.86  70.49  -8.46 +55.04  +0.15  +0.13
20210315T024143 -157.13  65.53 +255.06  65.49  -9.23 +54.87  +0.40  +0.49
20210315T024202 -156.88  75.49 +255.05  75.49  -4.33 +56.40  -0.18  -0.03
20210315T024220 -155.49  85.48 +254.65  85.49  +0.95 +65.54  -1.59  -1.10
20210315T024258 -151.53  80.47 +250.16  80.49  -0.11 +58.82  -0.54  -0.25
20210315T024318 -147.14  65.50 +245.47  65.49  -6.09 +54.89  +0.17  +0.38
20210315T024337 -146.89  75.47 +245.45  75.49  -1.03 +56.51  -0.10  -0.03
20210315T024417 -142.19  60.51 +240.74  60.49  -6.79 +54.49  +0.28  +0.60
20210315T024531 -136.92  75.45 +235.93  75.49  +2.23 +56.10  -0.00  -0.09
20210315T024630 -132.11  70.44 +231.25  70.49  +1.25 +54.64  +0.12  +0.03
20210315T024648 -131.60  80.43 +231.10  80.49  +6.48 +58.13  -0.10  -0.19
20210315T024729 -127.23  65.44 +226.55  65.49  +0.21 +53.50  +0.08  +0.09
20210315T024747 -126.97  75.42 +226.50  75.49  +5.38 +55.24  +0.16  -0.16
20210315T024805 -125.59  85.42 +225.95  85.49 +11.02 +64.78  -0.76  -0.44
20210315T024906 -122.16  70.42 +221.92  70.49  +4.28 +53.48  +0.21  -0.13
20210315T024925 -121.66  80.41 +221.75  80.49  +9.56 +57.12  +0.18  -0.15
20210315T025023 -117.03  75.40 +217.16  75.49  +8.29 +53.98  +0.33  -0.19
20210315T025041 -115.70  85.40 +216.57  85.49 +14.03 +63.52  -0.39  -0.38
20210315T025142 -112.22  70.40 +212.58  70.48  +7.04 +51.91  +0.32  -0.29
20210315T025236 -107.45  55.40 +207.93  55.48  +0.62 +49.65  -0.11  -0.12
20210315T025313 -107.10  75.39 +207.88  75.48 +10.93 +52.13  +0.54  -0.44
20210315T025430 -102.50  50.39 +203.43  50.48  -0.83 +48.38  -0.34  -0.20
20210315T025448 -102.43  60.38 +203.46  60.48  +4.30 +48.80  +0.09  -0.40
20210315T025517 -101.84  80.38 +203.22  80.48 +14.71 +53.66  +0.66  -0.39
20210315T025640  -97.50  55.38 +198.97  55.48  +2.72 +47.37  -0.12  -0.47
20210315T025718  -97.17  75.37 +198.91  75.48 +13.14 +50.06  +0.72  -0.57
20210315T025736  -96.03  85.37 +198.25  85.48 +18.86 +60.39  +0.29  +0.13
20210315T025843  -92.59  40.38 +194.53  40.48  -3.85 +46.19  -0.60  +0.03
20210315T025901  -92.55  50.37 +194.58  50.48  +1.11 +46.35  -0.26  -0.15
20210315T025949  -91.94  80.36 +194.36  80.48 +16.67 +51.78  +0.85  -0.17
20210315T030037  -87.63  25.38 +190.04  25.48 -10.00 +45.06  -0.92  +0.20
20210315T030133  -87.55  55.36 +190.21  55.47  +4.52 +45.45  +0.01  -0.17
20210315T030203  -87.26  75.36 +190.11  75.47 +14.91 +48.20  +0.89  -0.21
20210315T030439  -82.54  60.36 +185.96  60.47  +7.85 +44.39  +0.30  -0.39
20210315T030516  -82.05  80.35 +185.73  80.47 +18.16 +49.72  +1.04  +0.10
20210315T030721  -77.63  45.36 +181.71  45.47  +0.73 +42.57  -0.20  -0.14
20210315T030758  -77.52  65.35 +181.76  65.47 +11.06 +43.67  +0.61  -0.36
20210315T030816  -77.34  75.35 +181.68  75.47 +16.12 +45.79  +0.97  -0.19
20210315T030835  -76.43  85.35 +180.98  85.47 +21.79 +56.29  +0.85  +0.68
20210315T030947  -72.69  10.37 +177.38  10.48 -14.43 +41.16  -0.64  -0.09
20210315T031118  -72.59  60.35 +177.64  60.47  +8.92 +41.90  +0.43  -0.35
20210315T031137  -72.48  70.35 +177.62  70.47 +14.00 +43.20  +0.80  -0.29
20210315T031155  -72.17  80.35 +177.41  80.47 +19.03 +47.26  +1.07  +0.15
20210315T031344  -67.70  25.36 +173.36  25.47  -8.04 +39.79  -0.43  -0.02
20210315T031402  -67.69  35.36 +173.42  35.47  -3.42 +39.76  -0.29  -0.12
20210315T031439  -67.63  55.35 +173.51  55.46  +6.66 +40.25  +0.27  -0.33
20210315T031516  -67.42  75.34 +173.45  75.46 +16.77 +43.28  +0.98  -0.12
20210315T031534  -66.66  85.34 +172.75  85.47 +22.30 +53.88  +0.91  +0.79
20210315T031649  -62.71   0.37 +169.15   0.47 -17.26 +38.66  -0.31  -0.14
20210315T031802  -62.69  40.35 +169.41  40.46  -0.71 +38.44  -0.07  -0.20
20210315T031838  -62.63  60.35 +169.49  60.46  +9.39 +39.37  +0.46  -0.24
20210315T031915  -62.29  80.34 +169.26  80.46 +19.28 +44.79  +0.99  +0.29
20210315T032105  -57.72  15.36 +165.22  15.47 -11.93 +37.10  -0.29  -0.10
20210315T032124  -57.72  25.36 +165.29  25.47  -7.72 +37.04  -0.24  -0.09
20210315T032219  -57.67  55.35 +165.45  55.46  +6.90 +37.69  +0.35  -0.22
20210315T032255  -57.50  75.34 +165.38  75.46 +16.78 +40.77  +0.85  +0.02
20210315T032314  -56.88  85.34 +164.69  85.46 +22.12 +51.46  +0.77  +0.95
20210315T032430  -52.72  -9.62 +161.09  -9.53 -19.89 +36.17  -0.14  -0.16
20210315T032449  -52.73   0.37 +161.17   0.47 -17.27 +36.01  -0.28  -0.10
20210315T032507  -52.73  10.37 +161.24  10.47 -13.95 +35.77  -0.35  -0.15
20210315T032638  -52.68  60.35 +161.51  60.46  +9.19 +36.86  +0.35  -0.09
20210315T032656  -52.61  70.34 +161.49  70.46 +14.09 +38.17  +0.57  -0.02
20210315T032714  -52.41  80.34 +161.28  80.46 +18.87 +42.24  +0.73  +0.37
20210315T032815  -47.69 -24.60 +157.02 -24.52 -22.34 +35.00  +0.17  -0.28
20210315T032833  -47.72 -14.62 +157.11 -14.52 -20.94 +34.87  -0.03  -0.23
20210315T032852  -47.73  -4.62 +157.19  -4.53 -18.68 +34.77  -0.13  -0.11
20210315T032946  -47.74  25.36 +157.39  25.46  -7.94 +34.30  -0.21  -0.17
20210315T033058  -47.67  65.35 +157.56  65.46 +11.31 +36.10  +0.35  -0.03
20210315T033117  -47.58  75.34 +157.49  75.46 +16.11 +38.20  +0.55  +0.09
20210315T033135  -47.11  85.34 +156.81  85.46 +21.34 +48.90  +0.52  +0.94
20210315T033236  -42.69 -29.60 +153.12 -29.52 -22.78 +33.77  +0.22  -0.26
20210315T033254  -42.71 -19.61 +153.20 -19.52 -21.82 +33.68  +0.04  -0.20
20210315T033350  -42.74  10.37 +153.43  10.47 -14.17 +33.08  -0.21  -0.20
20210315T033426  -42.75  30.36 +153.56  30.46  -5.94 +33.09  -0.12  -0.09
20210315T033444  -42.74  40.36 +153.62  40.46  -1.27 +33.44  -0.03  +0.11
20210315T033502  -42.73  50.35 +153.67  50.46  +3.57 +33.76  +0.08  +0.08
20210315T033520  -42.72  60.35 +153.70  60.46  +8.43 +34.37  +0.17  +0.05
20210315T033539  -42.67  70.35 +153.68  70.46 +13.17 +35.66  +0.25  +0.08
20210315T033557  -42.52  80.34 +153.48  80.46 +17.85 +39.67  +0.36  +0.37
20210315T033656  -37.68 -34.59 +149.22 -34.52 -22.99 +32.67  +0.22  -0.12
20210315T033715  -37.71 -24.60 +149.29 -24.52 -22.46 +32.56  +0.09  -0.13
20210315T034439  -37.46 -14.61 +150.89 -14.52 -21.06 +33.17  +0.03  +0.72
20210315T034458  -37.74  -4.62 +151.23  -4.53 -18.95 +33.19  -0.09  +0.89
20210315T034610  -37.75  35.36 +151.50  35.46  -4.10 +32.55  -0.12  +0.59
20210315T034629  -37.75  45.36 +151.56  45.46  +0.55 +32.51  -0.12  +0.31
20210315T034647  -37.74  55.35 +151.60  55.46  +5.35 +32.65  -0.06  -0.03
20210315T034705  -37.72  65.35 +151.62  65.46 +10.15 +33.52  +0.03  -0.04
20210315T034723  -37.66  75.35 +151.55  75.46 +14.73 +35.63  +0.03  +0.06
20210315T034824  -32.57 -39.57 +146.99 -39.52 -22.87 +31.56  +0.22  +0.01
20210315T034842  -32.70 -29.59 +147.17 -29.52 -22.83 +31.60  +0.12  +0.09
20210315T034900  -32.72 -19.61 +147.25 -19.52 -21.94 +31.52  +0.05  +0.15
20210315T034918  -32.74  -9.61 +147.32  -9.53 -20.26 +31.28  -0.03  +0.10
20210315T034936  -32.75   0.38 +147.39   0.47 -17.82 +31.07  -0.09  +0.11
20210315T035032  -32.76  30.37 +147.60  30.46  -6.80 +30.72  -0.09  +0.05
20210315T035126  -32.75  60.36 +147.75  60.46  +7.08 +31.87  -0.10  +0.05
20210315T035145  -32.72  70.35 +147.74  70.46 +11.73 +33.12  -0.11  +0.02
20210315T035203  -32.63  80.35 +147.55  80.46 +16.28 +37.09  -0.10  +0.26
20210315T035245  -27.54 -44.55 +143.07 -44.51 -22.48 +30.38  +0.14  +0.01
20210315T035303  -27.69 -34.58 +143.26 -34.52 -22.94 +30.53  +0.08  +0.16
20210315T035322  -27.72 -24.60 +143.34 -24.52 -22.55 +30.40  +0.04  +0.14
20210315T035340  -27.73 -14.61 +143.42 -14.52 -21.32 +30.17  +0.02  +0.08
20210315T035417  -27.76   5.38 +143.57   5.47 -16.65 +29.68  -0.04  +0.01
20210315T035435  -27.76  15.38 +143.64  15.47 -13.32 +29.48  -0.06  -0.04
20210315T035454  -27.77  25.37 +143.71  25.46  -9.44 +29.59  -0.05  +0.12
20210315T035512  -27.78  35.37 +143.77  35.46  -5.18 +29.79  -0.06  +0.25
20210315T035530  -27.77  45.36 +143.83  45.46  -0.67 +30.12  -0.10  +0.33
20210315T035549  -27.77  55.36 +143.87  55.46  +3.96 +30.47  -0.16  +0.20
20210315T035607  -27.76  65.36 +143.89  65.46  +8.60 +31.28  -0.21  +0.12
20210315T035626  -27.73  75.36 +143.83  75.46 +13.06 +33.38  -0.33  +0.20
20210315T035644  -27.54  85.35 +143.21  85.46 +18.06 +43.98  -0.37  +0.82
20210315T035746  -22.67 -39.57 +139.44 -39.52 -22.75 +29.26  -0.01  -0.00
20210315T035804  -22.71 -29.59 +139.52 -29.52 -22.82 +29.17  +0.04  -0.03
20210315T035822  -22.73 -19.60 +139.60 -19.52 -22.09 +29.01  +0.07  -0.05
20210315T035840  -22.74  -9.60 +139.68  -9.52 -20.59 +28.79  +0.07  -0.08
20210315T035858  -22.76   0.39 +139.75   0.47 -18.38 +28.62  +0.04  -0.03
20210315T040007  -22.78  40.37 +140.00  40.46  -3.66 +28.79  -0.04  +0.27
20210315T040025  -22.79  50.37 +140.05  50.46  +0.83 +29.08  -0.14  +0.20
20210315T040120  -22.73  80.36 +139.90  80.46 +14.20 +34.97  -0.66  +0.40
20210315T040220  -17.69 -34.57 +135.59 -34.52 -22.79 +28.43  -0.01  +0.24
20210315T040239  -17.72 -24.59 +135.67 -24.52 -22.59 +28.30  +0.06  +0.21
20210315T040257  -17.74 -14.60 +135.75 -14.52 -21.56 +28.05  +0.14  +0.13
20210315T040316  -17.75  -4.60 +135.83  -4.53 -19.79 +27.87  +0.18  +0.17
20210315T040334  -17.77   5.39 +135.90   5.47 -17.36 +27.52  +0.17  +0.03
20210315T040352  -17.78  15.39 +135.97  15.47 -14.26 +27.31  +0.16  -0.03
20210315T040411  -17.78  25.38 +136.04  25.47 -10.64 +27.36  +0.12  +0.07
20210315T040429  -17.79  35.38 +136.11  35.46  -6.62 +27.55  +0.04  +0.19
20210315T040448  -17.80  45.38 +136.16  45.46  -2.35 +27.84  -0.12  +0.22
20210315T040506  -17.80  55.37 +136.21  55.46  +2.07 +28.16  -0.31  +0.07
20210315T040524  -17.80  65.37 +136.23  65.46  +6.51 +29.06  -0.54  +0.07
20210315T040703  -12.68 -39.56 +131.77 -39.51 -22.50 +27.29  -0.20  +0.06
20210315T040721  -12.71 -29.58 +131.86 -29.52 -22.80 +27.19  -0.04  +0.02
20210315T040740  -12.73 -19.59 +131.94 -19.52 -22.30 +27.03  +0.11  -0.00
20210315T040758  -12.75  -9.59 +132.01  -9.52 -21.05 +26.78  +0.19  -0.05
20210315T040817  -12.76   0.40 +132.09   0.47 -19.05 +26.57  +0.26  -0.04
20210315T040835  -12.78  10.40 +132.16  10.47 -16.42 +26.27  +0.26  -0.16
20210315T040854  -12.79  20.39 +132.23  20.47 -13.18 +26.21  +0.24  -0.11
20210315T040930  -12.80  40.38 +132.36  40.46  -5.42 +26.60  +0.01  +0.11
20210315T040949  -12.81  50.38 +132.41  50.46  -1.19 +26.89  -0.24  +0.05
20210315T041007  -12.82  60.38 +132.45  60.46  +3.15 +27.49  -0.54  -0.01
20210315T041026  -12.82  70.37 +132.44  70.46  +7.46 +28.96  -0.87  +0.18
20210315T041044  -12.83  80.37 +132.27  80.46 +11.83 +32.99  -1.11  +0.42
20210315T041126   -7.56 -44.54 +127.77 -44.51 -21.88 +26.30  -0.45  -0.03
20210315T041144   -7.70 -34.56 +127.95 -34.51 -22.67 +26.50  -0.17  +0.19
20210315T041203   -7.73 -24.57 +128.04 -24.52 -22.72 +26.35  +0.02  +0.14
20210315T041221   -7.75 -14.58 +128.11 -14.52 -21.98 +26.13  +0.19  +0.09
20210315T041240   -7.76  -4.59 +128.19  -4.52 -20.50 +25.92  +0.30  +0.10
20210315T041258   -7.78   5.41 +128.26   5.47 -18.33 +25.58  +0.36  -0.04
20210315T041316   -7.79  15.40 +128.34  15.47 -15.53 +25.38  +0.35  -0.09
20210315T041334   -7.80  25.40 +128.40  25.47 -12.22 +25.36  +0.26  -0.06
20210315T041352   -7.81  35.39 +128.46  35.46  -8.48 +25.55  +0.09  +0.06
20210315T041410   -7.82  45.39 +128.52  45.46  -4.43 +25.79  -0.14  +0.05
20210315T041428   -7.83  55.39 +128.57  55.46  -0.20 +26.13  -0.44  -0.10
20210315T041446   -7.84  65.38 +128.59  65.46  +3.99 +27.25  -0.90  +0.13
20210315T041504   -7.85  75.38 +128.53  75.46  +8.28 +29.48  -1.24  +0.32
20210315T041625   -2.68 -39.55 +124.13 -39.51 -22.39 +25.28  -0.56  -0.25
20210315T041643   -2.72 -29.56 +124.21 -29.52 -22.95 +25.16  -0.26  -0.31
20210315T041702   -2.74 -19.57 +124.29 -19.52 -22.70 +25.09  +0.03  -0.24
20210315T041721   -2.76  -9.58 +124.37  -9.52 -21.73 +24.93  +0.24  -0.20
20210315T041739   -2.77   0.42 +124.45   0.48 -20.05 +24.75  +0.37  -0.16
20210315T041758   -2.79  10.41 +124.52  10.47 -17.72 +24.46  +0.40  -0.27
20210315T041817   -2.80  20.41 +124.59  20.47 -14.78 +24.36  +0.38  -0.26
20210315T041836   -2.81  30.40 +124.66  30.47 -11.37 +24.60  +0.25  -0.03
20210315T041854   -2.82  40.40 +124.72  40.46  -7.61 +24.77  -0.01  -0.01
20210315T041912   -2.83  50.39 +124.77  50.46  -3.59 +25.06  -0.36  -0.08
20210315T041949   -2.86  70.39 +124.81  70.46  +4.69 +27.37  -1.32  +0.28
20210315T042007   -2.90  80.39 +124.63  80.46  +8.94 +31.32  -1.73  +0.44
Config parameters:
  IH      -0.009044
  ID       0.009819
  CH       0.001139
  NP       0.001506
  MA      -0.002322
  ME      -0.003847
  TF       0.000000
  FO       0.000000
  DAF      0.001592
  HHSH    -0.002739
  HHCH     0.003159
  HHSH2    0.000303
  HHCH2    0.000059
  HDSD     0.000396
  HDCD     0.000983
  HDSD2   -0.000375
  HDCD2   -0.000225
  DICD     0.000387
  C0       0.000000
  C1       0.000000
  C2       0.000000
  C3       0.000000
Fit:
IH     = -31.09
ID     = +33.75
CH     =  +3.92
NP     =  +5.18
MA     =  -7.98
ME     = -13.22
DAF    =  +5.47
HHSH   =  -9.42
HHCH   = +10.86
HHSH2  =  +1.04
HHCH2  =  +0.20
HDSD   =  +1.36
HDCD   =  +3.38
HDSD2  =  -1.29
HDCD2  =  -0.77
DICD   =  +1.33
RMS residual = 0.59
RMS residual = 0.32
