("20210310T072444/4.0" 0 -2.999785291023043 1.2311623277202912 3.141592653589793 5.850453870227256 1.2129722396765978 -0.0029579337777091382 0.015345307762931082)
("20210310T072504/4.0" 0 -2.9757897408850766 1.4924111442483223 3.141592653589793 5.837003490346762 1.4718271697611705 -0.0007275121915589424 0.018324482874747527)
("20210310T072544/4.0" 0 -2.712245961266637 1.4919048027565875 3.141592653589793 5.594522017573924 1.4713147410927847 0.00046794511816466343 0.018653996174641252)
("20210310T072604/4.0" 0 -2.47913133243171 1.229861384180432 3.141592653589793 5.345711806400429 1.2123767333358175 -0.00047415413602722845 0.015686090102901673)
("20210310T072624/4.0" 0 -2.4505219089684043 1.4913623701057606 3.141592653589793 5.352489268951774 1.4712172644540609 0.0016425952181491294 0.01866196610919202)
("20210310T072647/4.0" 0 -2.2214875838080976 0.9680750778285567 3.141592653589793 5.088863045024562 0.9511968501546634 -0.0013898739310903498 0.01507969106349738)
("20210310T072707/4.0" 0 -2.218487628713923 1.2291880092251277 3.141592653589793 5.094000596210732 1.212655026085048 0.0008017171489716119 0.015420272535522583)
("20210310T072726/4.0" 0 -2.190520900590163 1.4908230906376636 3.141592653589793 5.11209250470398 1.4714325508172945 0.0027876679465699016 0.01845442827754651)
("20210310T072749/4.0" 0 -1.961483592689436 0.9670317152293304 3.141592653589793 4.834785779234398 0.9519387023532236 -0.000293834179158114 0.014456620850203494)
("20210310T072809/4.0" 0 -1.9582210286064903 1.2286077383815324 3.141592653589793 4.841833069688102 1.2133370134902648 0.0019558028367445616 0.014853575202155023)
("20210310T072829/4.0" 0 -1.932096654019559 1.4903250155979524 3.141592653589793 4.8705300350487795 1.4720250900983465 0.0038104995092926946 0.0179685036122188)
("20210310T072926/4.0" 0 -1.7025381335355705 0.7048487044014773 3.141592653589793 4.579941877570297 0.6912238621512635 -0.001499467999846747 0.013603318064727588)
("20210310T072946/4.0" 0 -1.7014091236756863 0.966443135323134 3.141592653589793 4.584497710516778 0.9528890341309345 0.0006767230588420782 0.013703578961768326)
("20210310T073006/4.0" 0 -1.6981749382373166 1.228143240476845 3.141592653589793 4.592849721852809 1.214244322901914 0.0029166059327700765 0.01413866232379446)
("20210310T073026/4.0" 0 -1.67490947773323 1.4899081563188448 3.141592653589793 4.6306237083207975 1.4728405079248783 0.004642206517697638 0.01734922973715447)
("20210310T073118/4.0" 0 -1.4423876046410884 0.4427820630606157 3.141592653589793 4.325542773066066 0.430780071582138 -0.002877429915002787 0.01257873566989448)
("20210310T073137/4.0" 0 -1.4419708731937126 0.7044076849249602 3.141592653589793 4.329239554954715 0.6924917565863749 -0.0008661329351159363 0.012615996975150368)
("20210310T073157/4.0" 0 -1.4409302376714421 0.9660898510255684 3.141592653589793 4.334283643759441 0.9541543105721678 0.0013581980861054276 0.012714911498374115)
("20210310T073230/4.0" 0 -1.4186198506501235 1.489600721002606 3.141592653589793 4.387288507744346 1.4738434613795368 0.005147896249634099 0.016626534902393075)
("20210310T073335/4.0" 0 -1.1815231781321553 0.18093337482336702 3.141592653589793 4.072728340256183 0.17047093316480397 -0.0042869585399453675 0.011505862453694699)
("20210310T073415/4.0" 0 -1.1810447891792224 0.7042169599803333 3.141592653589793 4.079949552769848 0.6939153343907639 -0.0004377628418906925 0.011533629564987491)
("20210310T073448/4.0" 0 -1.1781862585915748 1.2276435462351913 3.141592653589793 4.094913743977059 1.21679835046282 0.003945699104945157 0.012192774551533558)
("20210310T073507/4.0" 0 -1.1629170564395386 1.4894116578704986 3.141592653589793 4.142991368950658 1.4751158936707034 0.005400232140867192 0.015686918191683663)
("20210310T073707/4.0" 0 -0.9201717979442235 0.4425176218170157 3.141592653589793 3.8285716132008187 0.4338262819921063 -0.002423870240514333 0.010259979533943309)
("20210310T073807/4.0" 0 -0.918112812231684 1.2276125257348143 3.141592653589793 3.8481277656700272 1.2181994135198584 0.003906478029788237 0.011165474501841244)
("20210310T073828/4.0" 0 -0.9073146527494051 1.4893719448123235 3.141592653589793 3.8973484940372205 1.4764841445378043 0.005328829154431269 0.01470417911581956)
("20210310T073910/4.0" 0 -0.6559486778896368 -0.6035813860825692 3.141592653589793 3.5668304321322233 -0.6117721985438143 -0.006737406990858046 0.009394483148786548)
("20210310T074046/4.0" 0 -0.6584950433869503 0.7043118537362947 3.141592653589793 3.584771020579323 0.6969104066536488 -0.0006040271679702803 0.00931901721360806)
("20210310T074106/4.0" 0 -0.6586350191338446 0.966003181111053 3.141592653589793 3.5902694185883437 0.9584726042074522 0.0014843931510125149 0.009506445703633126)
("20210310T074126/4.0" 0 -0.6578766786871224 1.2277231001832742 3.141592653589793 3.5999046832569035 1.219702403805213 0.0035217562570737603 0.01006098858029425)
("20210310T074250/4.0" 0 -0.3959367612035712 -0.6034601163791709 3.141592653589793 3.322996590988477 -0.6103404176919406 -0.006688421769723155 0.008366282633102684)
("20210310T074314/4.0" 0 -0.3963257957756103 -0.3419979486898921 3.141592653589793 3.3263722322947595 -0.3485419025574172 -0.006485955959785854 0.008282508490999485)
("20210310T074515/4.0" 0 -0.3975133951794758 1.2279571600851589 3.141592653589793 3.3526259985020337 1.2211384607137543 0.002785217975657913 0.009016939517197065)
("20210310T074536/4.0" 0 -0.39542573254831836 1.4896798914554914 3.141592653589793 3.3950428225797147 1.4793417721220945 0.004317306802226859 0.012637820316012682)
("20210310T074639/4.0" 0 -0.13426477903097167 -0.6031713018852747 3.141592653589793 3.0783269989324142 -0.6091433836244603 -0.006604143402023626 0.0075424118568350185)
("20210310T074719/4.0" 0 -0.135397666453402 -0.08007801556716121 3.141592653589793 3.084255358802663 -0.0855366667780649 -0.005993744629770246 0.007365882746828867)
("20210310T074739/4.0" 0 -0.13573011417859915 0.1815626904415968 3.141592653589793 3.0869607064097173 0.17635051108245983 -0.004981072257068429 0.007195712115894065)
("20210310T074800/4.0" 0 -0.1359124874500477 0.4432195032486282 3.141592653589793 3.089772344568217 0.4380452663929522 -0.0035700693848885008 0.007217656394230165)
("20210310T074852/4.0" 0 -0.13694809492418036 1.2283009422239555 3.141592653589793 3.1034070312177224 1.2223196122850413 0.001788421546288287 0.008203888945981008)
("20210310T074912/4.0" 0 -0.13844223482215812 1.4900149384259125 3.141592653589793 3.1370842063325037 1.480533308402431 0.0033665598849792573 0.011813494716084616)

(IH ID CH NP MA ME TF HHSH HHCH HDSD HDCD)
11
;; number of pointings:
;; 40
;; number of parameters:
;; 11
;; root-mean-square-residual:
;; 166.8740121915757 arcsec
0.000809028041321154
;; root-mean-square-x-residual:
;; 35.72813629556616 arcsec
0.0001732148927663665
;; root-mean-square-y-residual:
;; 163.0044055286838 arcsec
0.000790267658814328
;; max-residual:
;; 272.44687323443594 arcsec
0.0013208597151957
;; max-x-residual:
;; 77.40692349081023 arcsec
0.0003752793552094392
;; max-y-residual:
;; 205.45711645759735 arcsec
0.000996084209399584
;; p:
 IH -1837.6847583891076 arcsec
 ID 3564.7086677601865 arcsec
 CH 294.96862204012626 arcsec
 NP 92.32024038181157 arcsec
 MA -435.916617464807 arcsec
 ME -1004.1417384298526 arcsec
 TF 367.9093655895609 arcsec
 HHSH -662.9903337093062 arcsec
 HHCH 316.257100141492 arcsec
 HDSD -550.639759520007 arcsec
 HDCD -1124.6229419041579 arcsec
(-0.008909347124335115 0.01728219531299886 0.0014300482346308102 0.000447581155804233 -0.0021133833996993053 -0.0048682165256390564 0.0017836749384614904 -0.0032142678422564844 0.0015332576889662388 -0.002669576887781643 -0.005452325883247906)
;; dp:
;; IH 0.10001361518109808 arcsec
;; ID 0.19167025116934272 arcsec
;; CH 0.13012955024319153 arcsec
;; NP 0.1303144783765383 arcsec
;; MA 0.04303144128096975 arcsec
;; ME 0.14237605247907212 arcsec
;; TF 0.15641329741701268 arcsec
;; HHSH 0.07605216447578883 arcsec
;; HHCH 0.1350722348816903 arcsec
;; HDSD 0.18617815924006226 arcsec
;; HDCD 0.10354741222576962 arcsec
(4.848796893702073e-07 9.292436002859839e-07 6.308858627453e-07 6.317824196359857e-07 2.086223145087579e-07 6.902585810422343e-07 7.583130649522259e-07 3.6871129815855067e-07 6.548486740868414e-07 9.026171872337195e-07 5.020120209054194e-07)
{
  IH -0.008909347124335115
  ID 0.01728219531299886
  CH 0.0014300482346308102
  NP 0.000447581155804233
  MA -0.0021133833996993053
  ME -0.0048682165256390564
  TF 0.0017836749384614904
  HHSH -0.0032142678422564844
  HHCH 0.0015332576889662388
  HDSD -0.002669576887781643
  HDCD -0.005452325883247906
}

;; 20210310T072444/4.0	0	-172	71	180	-610	3165	-621	3369	11	-204
;; 20210310T072504/4.0	0	-171	86	180	-150	3780	-88	3665	-62	114
;; 20210310T072544/4.0	0	-155	85	180	97	3848	132	3721	-35	127
;; 20210310T072604/4.0	0	-142	70	180	-98	3235	-115	3432	17	-196
;; 20210310T072624/4.0	0	-140	85	180	339	3849	358	3721	-19	128
;; 20210310T072647/4.0	0	-127	55	180	-287	3110	-290	3164	4	-53
;; 20210310T072707/4.0	0	-127	70	180	165	3181	135	3380	31	-199
;; 20210310T072726/4.0	0	-126	85	180	575	3806	574	3666	1	140
;; 20210310T072749/4.0	0	-112	55	180	-61	2982	-56	3052	-4	-70
;; 20210310T072809/4.0	0	-112	70	180	403	3064	360	3276	43	-212
;; 20210310T072829/4.0	0	-111	85	180	786	3706	768	3562	18	144
;; 20210310T072926/4.0	0	-98	40	180	-309	2806	-281	2744	-29	62
;; 20210310T072946/4.0	0	-97	55	180	140	2827	137	2894	3	-67
;; 20210310T073006/4.0	0	-97	70	180	602	2916	545	3127	56	-210
;; 20210310T073026/4.0	0	-96	85	180	958	3579	926	3415	32	164
;; 20210310T073118/4.0	0	-83	25	180	-594	2595	-557	2462	-36	132
;; 20210310T073137/4.0	0	-83	40	180	-179	2602	-145	2536	-34	66
;; 20210310T073157/4.0	0	-83	55	180	280	2623	276	2700	4	-78
;; 20210310T073230/4.0	0	-81	85	180	1062	3429	1039	3236	23	194
;; 20210310T073335/4.0	0	-68	10	180	-884	2373	-869	2216	-15	157
;; 20210310T073415/4.0	0	-68	40	180	-90	2379	-70	2306	-20	73
;; 20210310T073448/4.0	0	-68	70	180	814	2515	750	2736	64	-221
;; 20210310T073507/4.0	0	-67	85	180	1114	3236	1099	3036	15	200
;; 20210310T073707/4.0	0	-53	25	180	-500	2116	-472	1962	-28	155
;; 20210310T073807/4.0	0	-53	70	180	806	2303	756	2521	50	-218
;; 20210310T073828/4.0	0	-52	85	180	1099	3033	1104	2827	-4	205
;; 20210310T073910/4.0	0	-38	-35	180	-1390	1938	-1467	2123	77	-186
;; 20210310T074046/4.0	0	-38	40	180	-125	1922	-118	1841	-7	82
;; 20210310T074106/4.0	0	-38	55	180	306	1961	295	2042	11	-81
;; 20210310T074126/4.0	0	-38	70	180	726	2075	695	2311	32	-236
;; 20210310T074250/4.0	0	-23	-35	180	-1380	1726	-1389	1872	10	-146
;; 20210310T074314/4.0	0	-23	-20	180	-1338	1708	-1338	1656	0	53
;; 20210310T074515/4.0	0	-23	70	180	574	1860	571	2121	3	-261
;; 20210310T074536/4.0	0	-23	85	180	891	2607	947	2441	-57	166
;; 20210310T074639/4.0	0	-8	-35	180	-1362	1556	-1303	1681	-59	-125
;; 20210310T074719/4.0	0	-8	-5	180	-1236	1519	-1231	1338	-6	182
;; 20210310T074739/4.0	0	-8	10	180	-1027	1484	-1040	1293	12	191
;; 20210310T074800/4.0	0	-8	25	180	-736	1489	-760	1339	24	149
;; 20210310T074852/4.0	0	-8	70	180	369	1692	393	1964	-24	-271
;; 20210310T074912/4.0	0	-8	85	180	694	2437	796	2287	-102	150
