# %s did not solve. 20210408T032926C1o
# %s did not solve. 20210408T033055C1o
# %s did not solve. 20210408T033205C1o
20210408T033316C1o 201.62209934200698 42.609977584696466 201.83723446551434 42.5027253236447 -67.16166666666666 201.6275 42.67944444444444 0.0 201.47835 +42.63661 2000.0
# %s did not solve. 20210408T033547C1o
# %s did not solve. 20210408T034433C1o
# %s did not solve. 20210408T034552C1o
# %s did not solve. 20210408T040547C1o
# %s did not solve. 20210408T040706C1o
# %s did not solve. 20210408T040820C1o
# %s did not solve. 20210408T040932C1o
20210408T041112C1o 180.9671172730423 -2.3816242533149494 181.23114592705298 -2.490618291146619 -36.91958333333334 180.89416666666668 -2.3016666666666667 0.0 180.60599  -2.28021 2000.0
20210408T041236C1o 181.39829560463522 12.618355277390169 181.66310330413407 12.505475297199641 -37.00749999999999 181.33375 12.691666666666666 0.0 181.05050 +12.68625 2000.0
20210408T041347C1o 181.73548146060645 27.61833463150743 181.9996634869689 27.50261618577724 -37.06666666666667 181.6916666666667 27.686666666666667 0.0 181.42633 +27.66527 2000.0
20210408T041502C1o 182.0491895334917 42.61831179288222 182.31123074458463 42.50012072119433 -37.11083333333333 182.04583333333332 42.68527777777778 0.0 181.81815 +42.67595 2000.0
# %s did not solve. 20210408T041731C1o
20210408T041850C1o 167.96774303444616 -9.88414591471892 168.2305879943979 -9.989561219327829 -21.992083333333333 167.87916666666666 -9.7975 0.0 167.58624  -9.81180 2000.0
20210408T042012C1o 168.30657327918027 5.115997748866761 168.57690646283956 5.006374735448715 -21.99625 168.22708333333335 5.196944444444444 0.0 167.92717  +5.18600 2000.0
20210408T042130C1o 168.63263100890399 20.116132130918373 168.9098970527382 20.003602805549306 -22.01666666666667 168.57333333333332 20.192222222222224 0.0 168.27695 +20.18451 2000.0
20210408T043826C1o 172.529156289381 35.117430589244876 172.80935770062152 35.00109746857677 -21.71708333333333 172.51541666666665 35.19061111111111 0.0 172.22924 +35.19576 2000.0
20210408T043940C1o 173.1970687503468 50.11759940410859 173.48332122959363 49.99869060309508 -22.137916666666666 173.24875000000003 50.191944444444445 0.0 173.00466 +50.19515 2000.0
20210408T044126C1o 158.5359579231713 -17.389715564928654 158.7928276090624 -17.487593904047987 -6.899583333333334 158.45 -17.2925 0.0 158.15568 -17.27424 2000.0
20210408T044302C1o 158.9656418673855 -2.3893912928774794 159.2345967968608 -2.4923694271481915 -6.9375 158.8875 -2.297222222222222 0.0 158.57646  -2.30566 2000.0
20210408T044419C1o 159.35243465648696 12.610895318749753 159.63273803116363 12.504673252247043 -7.015 159.29250000000002 12.698027777777776 0.0 158.97417 +12.69484 2000.0
20210408T044557C1o 159.6682713870642 27.611126591020625 159.96111319009512 27.502439745297167 -6.957916666666667 159.64000000000001 27.69472222222222 0.0 159.32347 +27.68133 2000.0
20210408T044731C1o 160.0577051661465 42.6114071336246 160.36677163399915 42.50033056071448 -7.01 160.0845833333333 42.69416666666666 0.0 159.78207 +42.69017 2000.0
20210408T045012C1o 145.68259091091335 -24.902071314071318 145.9262865415358 -24.984084939740082 8.164166666666665 145.58625 -24.78805555555556 0.0 145.30827 -24.78342 2000.0
20210408T045130C1o 146.16982186732122 -9.901497829044347 146.4316908089648 -9.99047841529943 7.995833333333334 146.08125 -9.793055555555556 0.0 145.77445  -9.80998 2000.0
20210408T045251C1o 146.48133273317677 5.098867709308082 146.76007987788714 5.00607218115083 8.005416666666667 146.41 5.202222222222222 0.0 146.08547  +5.18796 2000.0
20210408T045407C1o 146.80139780100365 20.09924010339436 147.09805412063886 20.00378501755862 7.975416666666667 146.75916666666666 20.198333333333334 0.0 146.42449 +20.18655 2000.0
# %s did not solve. 20210408T045523C1o
20210408T045647C1o 147.38492979703935 50.09992159856319 147.73610657389418 49.99981696997572 7.920000000000001 147.47708333333333 50.19833333333332 0.0 147.14729 +50.18928 2000.0
20210408T051148C1o 136.22920394313698 -17.41432681506748 136.48132064941686 -17.48719058388702 23.040833333333335 136.12125 -17.295555555555556 0.0 135.82308 -17.28708 2000.0
20210408T051307C1o 136.58536239355246 -2.4138047383904904 136.8576930470013 -2.4919657771010413 23.004583333333336 136.4925 -2.3005555555555555 0.0 136.16850  -2.31919 2000.0
20210408T051424C1o 136.88592469756844 12.586634984601307 137.17905150432955 12.505299876045228 23.0 136.81875 12.694722222222222 0.0 136.47625 +12.67987 2000.0
# %s did not solve. 20210408T051554C1o
20210408T051708C1o 137.53213271632788 42.58757803790925 137.8820891484565 42.50156636524436 22.92458333333333 137.57333333333332 42.69083333333333 0.0 137.20918 +42.66593 2000.0
20210408T051926C1o 123.09378639936229 -9.93513249020309 123.3569797986577 -9.988528475184745 38.10041666666667 122.98333333333332 -9.796111111111111 0.0 122.66084  -9.80364 2000.0
20210408T052115C1o 123.49403153425857 5.065580280198399 123.7808304335459 5.007503362415137 38.123333333333335 123.40624999999999 5.198055555555555 0.0 123.05683  +5.16408 2000.0
20210408T052232C1o 123.90461365445177 20.06630819317141 124.21778015337748 20.005156474823462 38.00583333333333 123.85208333333333 20.193055555555556 0.0 123.48015 +20.15701 2000.0
20210408T052344C1o 124.20274266129938 35.066845627179276 124.54934082641185 35.00340755139167 37.95375 124.20625000000001 35.19027777777778 0.0 123.81533 +35.14208 2000.0
20210408T052455C1o 124.45545599753034 50.06731658444815 124.85248714617902 50.001642917293054 37.89791666666667 124.55749999999999 50.19222222222223 0.0 124.14812 +50.14948 2000.0
20210408T052624C1o 109.84042097830886 12.540473359527196 110.14642207048342 12.507947813528022 53.06458333333334 109.75625000000001 12.695833333333333 0.0 109.36704 +12.67176 2000.0
20210408T052736C1o 110.183165395746 27.541170333188216 110.5215718068685 27.505675703627116 52.98166666666667 110.145 27.69055555555556 0.0 109.73016 +27.60547 2000.0
20210408T052848C1o 110.43626528723387 42.54170265794497 110.81990328020127 42.503949641026594 52.953333333333326 110.47416666666666 42.689166666666665 0.0 110.03250 +42.61373 2000.0
20210408T053052C1o 95.91955027798353 35.01257539652162 96.28781246301315 35.007221523380025 68.05083333333333 95.89458333333334 35.18805555555556 0.0  95.42338 +35.08510 2000.0
20210408T055103C1o 100.94192411735506 50.022890527694024 101.3695932353577 50.00548401788052 67.96583333333334 101.04 50.1925 0.0 100.53363 +50.09708 2000.0
