20210409T034536.822 207.64479261981768 35.104782484318896 207.8607046311092 35.004419478206096 -69.10708333333334 207.64833333333334 35.133916666666664 0.0 207.83835 +35.06488 2000.0
20210409T034650.315 208.52910278291216 55.103939839563836 208.6997795279619 55.00035857873759 -69.73041666666667 208.58625 55.13388888888889 0.0 209.05693 +55.05621 2000.0
20210409T034829.387 188.7644265187741 5.116987038886556 189.0233991490056 5.008839565210002 -49.46833333333334 188.73458333333335 5.150555555555556 0.0 188.76234  +5.14314 2000.0
20210409T034950.979 189.19223312347975 25.116848243171095 189.44594503359716 25.00397819291242 -49.57416666666667 189.1791666666667 25.14138888888889 0.0 189.25881 +25.07516 2000.0
20210409T035105.370 189.53467551590393 45.116733406880805 189.77710969508803 45.000402585214324 -49.64791666666667 189.5691666666667 45.13861111111111 0.0 189.80128 +45.07999 2000.0
20210409T035239.542 169.82625612155277 -4.883400005641813 170.0900463727204 -4.990578205948564 -29.457083333333333 169.7725 -4.843055555555555 0.0 169.78299  -4.85293 2000.0
20210409T035400.174 170.2155502566817 15.116738791342648 170.48794298248308 15.004818442439651 -29.528333333333336 170.18041666666667 15.149444444444446 0.0 170.19844 +15.11224 2000.0
20210409T035531.827 170.5368893762393 35.11684960103472 170.81787180549648 35.00163826720576 -29.517500000000005 170.54583333333332 35.145 0.0 170.63871 +35.09802 2000.0
20210409T035647.746 170.9142283347728 55.116975447050436 171.2074270438701 54.99846803071099 -29.677083333333336 171.02875 55.14805555555556 0.0 171.34680 +55.10577 2000.0
20210409T035835.184 151.27385324885134 -14.89603304170561 151.52805478026474 -14.98865811255454 -9.40125 151.19875000000002 -14.837777777777779 0.0 151.23344 -14.85617 2000.0
20210409T040015.477 151.70273942540908 5.10439811355981 151.97753804505646 5.00612679432883 -9.435 151.64749999999998 5.1561111111111115 0.0 151.64879  +5.11206 2000.0
20210409T040134.987 152.09882336305117 25.10479196011989 152.39481298751352 25.00309484291575 -9.537916666666668 152.08458333333334 25.150833333333335 0.0 152.11024 +25.09241 2000.0
20210409T040311.026 152.40427685997093 45.10509819556931 152.72968516946545 45.00043886981372 -9.518750000000002 152.47333333333333 45.15083333333333 0.0 152.61014 +45.09812 2000.0
20210409T040507.407 132.8998944447604 -24.919218404821862 133.1341492242197 -24.984349593421456 10.627083333333333 132.8075 -24.831944444444442 0.0 132.89576 -24.86929 2000.0
20210409T040646.579 133.34809339619585 -4.918518975946669 133.61335415184632 -4.991924511814749 10.5725 133.27499999999998 -4.838333333333333 0.0 133.28774  -4.89607 2000.0
20210409T040826.804 133.73645404878897 15.082084186595566 134.03164270324083 15.004597328797395 10.569583333333334 133.70083333333332 15.155833333333334 0.0 133.69764 +15.09736 2000.0
20210409T040959.792 134.1167717451788 35.082675917583444 134.4488755839474 35.002216067083054 10.506666666666666 134.14916666666667 35.15277777777778 0.0 134.19395 +35.07958 2000.0
20210409T041125.026 134.44784018610946 55.083209315631244 134.8429423355386 54.99951112135598 10.385416666666666 134.6258333333333 55.156944444444434 0.0 134.84963 +55.08589 2000.0
20210409T041308.105 114.94632728679578 -14.949828717341115 115.19578074217314 -14.987897636115626 30.591250000000006 114.85291666666666 -14.832777777777778 0.0 114.90473 -14.88926 2000.0
20210409T041449.426 115.33773748134429 5.050938375837273 115.62232004732813 5.006693251767989 30.589166666666667 115.27625 5.16 0.0 115.27621  +5.07673 2000.0
20210409T041619.385 115.72202617261945 25.051691708373856 116.04633404007623 25.003950095404257 30.525833333333335 115.71583333333334 25.154444444444444 0.0 115.71926 +25.04417 2000.0
20210409T041738.848 116.04198869057069 45.05233830675757 116.42420539921046 45.001726695034286 30.436249999999998 116.13958333333333 45.15416666666667 0.0 116.22385 +45.04919 2000.0
20210409T041919.381 96.49603895668474 -4.986334180386705 96.76844318929534 -4.988328499535507 50.592499999999994 96.40166666666666 -4.833333333333333 0.0  96.40500  -4.92430 2000.0
20210409T042040.463 96.87375610121147 15.014483783955674 97.18390455617833 15.006697634649917 50.51708333333334 96.82125 15.157222222222222 0.0  96.79606 +15.03126 2000.0
20210409T042219.036 97.1554203738783 35.01511337335079 97.5160303515842 35.004055336260095 50.564166666666665 97.17875 35.15194444444444 0.0  97.18316 +35.00837 2000.0
20210409T042337.427 97.48183540570001 55.015869656510475 97.93165700395124 55.0017102752575 50.40833333333333 97.66499999999999 55.155 0.0  97.81109 +55.01549 2000.0
20210409T042504.601 77.86092108759274 44.9754918717124 78.26252932426658 45.005467580207615 70.53041666666668 77.91083333333334 45.1488888888889 0.0  77.92493 +44.96593 2000.0
