# 20210409T034536C1o did not solve.
# 20210409T034650C1o did not solve.
# 20210409T034829C1o did not solve.
20210409T034950C1o 189.19223312347975 25.116848243171095 189.44594503359716 25.00397819291242 -49.57416666666667 189.1791666666667 25.14138888888889 0.0 188.92930 +25.14978 2000.0
# 20210409T035105C1o did not solve.
20210409T035239C1o 169.82625612155277 -4.883400005641813 170.0900463727204 -4.990578205948564 -29.457083333333333 169.7725 -4.843055555555555 0.0 169.47712  -4.78687 2000.0
# 20210409T035400C1o did not solve.
20210409T035531C1o 170.5368893762393 35.11684960103472 170.81787180549648 35.00163826720576 -29.517500000000005 170.54583333333332 35.145 0.0 170.26999 +35.17576 2000.0
20210409T035647C1o 170.9142283347728 55.116975447050436 171.2074270438701 54.99846803071099 -29.677083333333336 171.02875 55.14805555555556 0.0 170.81999 +55.19298 2000.0
20210409T035835C1o 151.27385324885134 -14.89603304170561 151.52805478026474 -14.98865811255454 -9.40125 151.19875000000002 -14.837777777777779 0.0 150.91030 -14.79267 2000.0
20210409T040015C1o 151.70273942540908 5.10439811355981 151.97753976171492 5.006126629694833 -9.42625 151.64749999999998 5.1561111111111115 0.0 151.33607  +5.17915 2000.0
20210409T040135C1o 152.09882336305117 25.10479196011989 152.39481298751352 25.00309484291575 -9.537916666666668 152.08458333333334 25.150833333333335 0.0 151.76736 +25.16582 2000.0
20210409T040311C1o 152.40427685997093 45.10509819556931 152.72968760154052 45.00043872381324 -9.518750000000002 152.47333333333333 45.15083333333333 0.0 152.17107 +45.18078 2000.0
20210409T040507C1o 132.8998944447604 -24.919218404821862 133.1341492242197 -24.984349593421456 10.627083333333333 132.8075 -24.831944444444442 0.0 132.54010 -24.80676 2000.0
20210409T040646C1o 133.34809339619585 -4.918518975946669 133.61335415184632 -4.991924511814749 10.5725 133.27499999999998 -4.838333333333333 0.0 132.96548  -4.83128 2000.0
20210409T040826C1o 133.73645404878897 15.082084186595566 134.03164270324083 15.004597328797395 10.569583333333334 133.70083333333332 15.155833333333334 0.0 133.36539 +15.16720 2000.0
20210409T040959C1o 134.1167717451788 35.082675917583444 134.4488755839474 35.002216067083054 10.506666666666666 134.14916666666667 35.15277777777778 0.0 133.79940 +35.15889 2000.0
# 20210409T041125C1o did not solve.
20210409T041308C1o 114.94632728679578 -14.949828717341115 115.19578074217314 -14.987897636115626 30.591250000000006 114.85291666666666 -14.832777777777778 0.0 114.55029 -14.82003 2000.0
20210409T041449C1o 115.33773748134429 5.050938375837273 115.62232004732813 5.006693251767989 30.589166666666667 115.27625 5.16 0.0 114.93388  +5.14914 2000.0
20210409T041619C1o 115.72202617261945 25.051691708373856 116.04633404007623 25.003950095404257 30.525833333333335 115.71583333333334 25.154444444444444 0.0 115.34323 +25.12259 2000.0
20210409T041738C1o 116.04198869057069 45.05233830675757 116.42420539921046 45.001726695034286 30.436249999999998 116.13958333333333 45.15416666666667 0.0 115.74046 +45.13480 2000.0
20210409T041919C1o 96.49603895668474 -4.986334180386705 96.76844318929534 -4.988328499535507 50.592499999999994 96.40166666666666 -4.833333333333333 0.0  96.04941  -4.85020 2000.0
20210409T042040C1o 96.87375610121147 15.014483783955674 97.18390455617833 15.006697634649917 50.51708333333334 96.82125 15.157222222222222 0.0  96.43009 +15.10851 2000.0
20210409T042219C1o 97.1554203738783 35.01511337335079 97.5160303515842 35.004055336260095 50.572916666666664 97.17875 35.15194444444444 0.0  96.75133 +35.09036 2000.0
20210409T042337C1o 97.48183540570001 55.015869656510475 97.93165700395124 55.0017102752575 50.40833333333333 97.66499999999999 55.155 0.0  97.19087 +55.10382 2000.0
20210409T042504C1o 77.86092108759274 44.9754918717124 78.26252932426658 45.005467580207615 70.53041666666668 77.91083333333334 45.1488888888889 0.0  77.41229 +45.04976 2000.0
