20210409T034536.834 207.64479261981768 35.104782484318896 207.8607046311092 35.004419478206096 -69.10708333333334 207.64833333333334 35.133916666666664 0.0 207.74189 +35.74780 2000.0
20210409T034650.325 208.52910278291216 55.103939839563836 208.6997795279619 55.00035857873759 -69.73041666666667 208.58625 55.13388888888889 0.0 208.92676 +55.73944 2000.0
20210409T034829.398 188.7644265187741 5.116987038886556 189.0233991490056 5.008839565210002 -49.46833333333334 188.73458333333335 5.150555555555556 0.0 188.67864  +5.82360 2000.0
20210409T034950.990 189.19223312347975 25.116848243171095 189.44594503359716 25.00397819291242 -49.57416666666667 189.1791666666667 25.14138888888889 0.0 189.16885 +25.75413 2000.0
20210409T035105.381 189.53467551590393 45.116733406880805 189.77710969508803 45.000402585214324 -49.64791666666667 189.5691666666667 45.13861111111111 0.0 189.69002 +45.75881 2000.0
20210409T035239.554 169.82625612155277 -4.883400005641813 170.0900463727204 -4.990578205948564 -29.457083333333333 169.7725 -4.843055555555555 0.0 169.69671  -4.17436 2000.0
20210409T035400.184 170.2155502566817 15.116738791342648 170.48794298248308 15.004818442439651 -29.528333333333336 170.18041666666667 15.149444444444446 0.0 170.11089 +15.78780 2000.0
20210409T035531.838 170.5368893762393 35.11684960103472 170.81787180549648 35.00163826720576 -29.517500000000005 170.54583333333332 35.145 0.0 170.53919 +35.77288 2000.0
20210409T035647.758 170.9142283347728 55.116975447050436 171.2074270438701 54.99846803071099 -29.677083333333336 171.02875 55.14805555555556 0.0 171.20989 +55.78292 2000.0
20210409T035835.196 151.27385324885134 -14.89603304170561 151.52805478026474 -14.98865811255454 -9.40125 151.19875000000002 -14.837777777777779 0.0 151.14146 -14.17681 2000.0
20210409T040015.489 151.70273942540908 5.10439811355981 151.97753804505646 5.00612679432883 -9.435 151.64749999999998 5.1561111111111115 0.0 151.56093  +5.78735 2000.0
20210409T040134.999 152.09882336305117 25.10479196011989 152.39481298751352 25.00309484291575 -9.537916666666668 152.08458333333334 25.150833333333335 0.0 152.01523 +25.76605 2000.0
20210409T040311.036 152.40427685997093 45.10509819556931 152.72968760154052 45.00043872381324 -9.518750000000002 152.47333333333333 45.15083333333333 0.0 152.49125 +45.77273 2000.0
20210409T040507.417 132.8998944447604 -24.919218404821862 133.1341492242197 -24.984349593421456 10.627083333333333 132.8075 -24.831944444444442 0.0 132.79525 -24.18770 2000.0
20210409T040646.591 133.34809339619585 -4.918518975946669 133.61335415184632 -4.991924511814749 10.5725 133.27499999999998 -4.838333333333333 0.0 133.19696  -4.21930 2000.0
20210409T040826.814 133.73645404878897 15.082084186595566 134.03164270324083 15.004597328797395 10.569583333333334 133.70083333333332 15.155833333333334 0.0 133.60535 +15.77121 2000.0
20210409T040959.802 134.1167717451788 35.082675917583444 134.4488755839474 35.002216067083054 10.506666666666666 134.14916666666667 35.15277777777778 0.0 134.08499 +35.75438 2000.0
20210409T041125.036 134.44784018610946 55.083209315631244 134.8429423355386 54.99951112135598 10.385416666666666 134.6258333333333 55.156944444444434 0.0 134.68963 +55.76499 2000.0
20210409T041308.115 114.94632728679578 -14.949828717341115 115.19578074217314 -14.987897636115626 30.591250000000006 114.85291666666666 -14.832777777777778 0.0 114.80141 -14.20594 2000.0
20210409T041449.437 115.33773748134429 5.050938375837273 115.62232004732813 5.006693251767989 30.589166666666667 115.27625 5.16 0.0 115.17693  +5.75618 2000.0
20210409T041619.397 115.72202617261945 25.051691708373856 116.04633404007623 25.003950095404257 30.525833333333335 115.71583333333334 25.154444444444444 0.0 115.61152 +25.72220 2000.0
20210409T041738.858 116.04198869057069 45.05233830675757 116.42420539921046 45.001726695034286 30.436249999999998 116.13958333333333 45.15416666666667 0.0 116.08763 +45.72789 2000.0
20210409T041919.394 96.49603895668474 -4.986334180386705 96.76844318929534 -4.988328499535507 50.592499999999994 96.40166666666666 -4.833333333333333 0.0  96.30341  -4.24028 2000.0
20210409T042040.473 96.87375610121147 15.014483783955674 97.18390455617833 15.006697634649917 50.51708333333334 96.82125 15.157222222222222 0.0  96.69287 +15.71256 2000.0
20210409T042219.046 97.1554203738783 35.01511337335079 97.5160303515842 35.004055336260095 50.564166666666665 97.17875 35.15194444444444 0.0  97.06193 +35.68883 2000.0
20210409T042337.440 97.48183540570001 55.015869656510475 97.93165700395124 55.0017102752575 50.40833333333333 97.66499999999999 55.155 0.0  97.63984 +55.69716 2000.0
20210409T042504.612 77.86092108759274 44.9754918717124 78.26252932426658 45.005467580207615 70.53041666666668 77.91083333333334 45.1488888888889 0.0  77.78309 +45.64938 2000.0
