# %s did not solve. 20210408T032926.147
# %s did not solve. 20210408T033055.033
# %s did not solve. 20210408T033205.121
20210408T033316.332 201.62209934200698 42.609977584696466 201.83723446551434 42.5027253236447 -67.16166666666666 201.6275 42.67944444444444 0.0 201.94663 +42.55714 2000.0
# %s did not solve. 20210408T033547.186
20210408T034433.061 204.26192885862014 27.60783504708986 204.49170540899206 27.505872574984927 -66.95124999999999 204.23791666666665 27.683333333333334 0.0 204.43046 +27.55144 2000.0
20210408T034552.554 204.75396531437013 42.60742008890809 204.96370359019014 42.50244161862146 -67.13291666666667 204.75416666666663 42.67916666666667 0.0 205.08150 +42.55595 2000.0
20210408T040547.486 194.57370825072138 5.114517702759792 194.83056253999706 5.009171004878005 -51.906666666666666 194.51749999999998 5.193333333333333 0.0 194.59617  +5.13692 2000.0
20210408T040706.013 195.0385674086488 20.114272395542518 195.2888264236659 20.005033245907807 -52.04375 194.98958333333331 20.185555555555556 0.0 195.10618 +20.08619 2000.0
20210408T040820.112 195.3878511585526 35.114084438588215 195.62773407864086 35.001931955917385 -52.104166666666664 195.35958333333335 35.18083333333334 0.0 195.56516 +35.07707 2000.0
20210408T040932.373 195.70847987646363 50.113910069148815 195.93093327416975 49.999219945441496 -52.16791666666667 195.72541666666666 50.18083333333333 0.0 196.11456 +50.08219 2000.0
20210408T041112.597 180.9671172730423 -2.3816242533149494 181.23114592705298 -2.490618291146619 -36.91958333333334 180.89416666666668 -2.3016666666666667 0.0 180.95123  -2.35702 2000.0
20210408T041236.467 181.39829560463522 12.618355277390169 181.66310330413407 12.505475297199641 -37.00749999999999 181.33375 12.691666666666666 0.0 181.40296 +12.60993 2000.0
20210408T041347.921 181.73548146060645 27.61833463150743 181.9996634869689 27.50261618577724 -37.06666666666667 181.6916666666667 27.686666666666667 0.0 181.81303 +27.58858 2000.0
20210408T041502.120 182.0491895334917 42.61831179288222 182.31123074458463 42.50012072119433 -37.11083333333333 182.04583333333332 42.68527777777778 0.0 182.28398 +42.59770 2000.0
20210408T041730.987 167.50887676062607 -24.884346803243687 167.7617171859357 -24.982235466933293 -21.8625 167.42041666666668 -24.791111111111114 0.0 167.53386 -24.85882 2000.0
20210408T041850.023 167.96774303444616 -9.88414591471892 168.2305879943979 -9.989561219327829 -21.992083333333333 167.87916666666666 -9.7975 0.0 167.94068  -9.88713 2000.0
20210408T042012.304 168.30657327918027 5.115997748866761 168.57690646283956 5.006374735448715 -21.99625 168.22708333333335 5.196944444444444 0.0 168.27604  +5.11126 2000.0
20210408T042130.275 168.63263100890399 20.116132130918373 168.9098970527382 20.003602805549306 -22.01666666666667 168.57333333333332 20.192222222222224 0.0 168.64520 +20.10943 2000.0
20210408T043825.998 172.529156289381 35.117430589244876 172.80935770062152 35.00109746857677 -21.71708333333333 172.51541666666665 35.19061111111111 0.0 172.65810 +35.11839 2000.0
20210408T043940.725 173.1970687503468 50.11759940410859 173.48332122959363 49.99869060309508 -22.137916666666666 173.24875000000003 50.191944444444445 0.0 173.55125 +50.11369 2000.0
20210408T044126.000 158.5359579231713 -17.389715564928654 158.7928276090624 -17.487593904047987 -6.899583333333334 158.45 -17.2925 0.0 158.53008 -17.34966 2000.0
20210408T044302.924 158.9656418673855 -2.3893912928774794 159.2345967968608 -2.4923694271481915 -6.9375 158.8875 -2.297222222222222 0.0 158.93276  -2.38053 2000.0
20210408T044419.519 159.35243465648696 12.610895318749753 159.63273803116363 12.504673252247043 -7.015 159.29250000000002 12.698027777777776 0.0 159.33762 +12.62022 2000.0
20210408T044557.542 159.6682713870642 27.611126591020625 159.96111319009512 27.502439745297167 -6.957916666666667 159.64000000000001 27.69472222222222 0.0 159.72274 +27.60521 2000.0
20210408T044731.785 160.0577051661465 42.6114071336246 160.36677163399915 42.50033056071448 -7.01 160.0845833333333 42.69416666666666 0.0 160.26302 +42.61059 2000.0
20210408T045012.271 145.68259091091335 -24.902071314071318 145.9262865415358 -24.984084939740082 8.164166666666665 145.58625 -24.78805555555556 0.0 145.70865 -24.85932 2000.0
20210408T045130.194 146.16982186732122 -9.901497829044347 146.4316908089648 -9.99047841529943 7.995833333333334 146.08125 -9.793055555555556 0.0 146.14130  -9.88533 2000.0
20210408T045251.187 146.48133273317677 5.098867709308082 146.76007987788714 5.00607218115083 8.005416666666667 146.41 5.202222222222222 0.0 146.44687  +5.11309 2000.0
20210408T045407.608 146.80139780100365 20.09924010339436 147.09805412063886 20.00378501755862 7.975416666666667 146.75916666666666 20.198333333333334 0.0 146.80670 +20.11097 2000.0
20210408T045523.703 147.10075164419038 35.09958806820846 147.41940979862795 35.00188043966944 7.947499999999999 147.10666666666665 35.1963888888889 0.0 147.20776 +35.10270 2000.0
20210408T045647.036 147.38492979703935 50.09992159856319 147.73610657389418 49.99981696997572 7.920000000000001 147.47708333333333 50.19833333333332 0.0 147.70753 +50.10602 2000.0
20210408T051148.942 136.22920394313698 -17.41432681506748 136.48132064941686 -17.48719058388702 23.040833333333335 136.12125 -17.295555555555556 0.0 136.20913 -17.36243 2000.0
20210408T051307.467 136.58536239355246 -2.4138047383904904 136.8576930470013 -2.4919657771010413 23.004583333333336 136.4925 -2.3005555555555555 0.0 136.53556  -2.39451 2000.0
20210408T051424.529 136.88592469756844 12.586634984601307 137.17905150432955 12.505299876045228 23.0 136.81875 12.694722222222222 0.0 136.85058 +12.60414 2000.0
20210408T051554.670 137.18545449202037 27.58707242328277 137.50274866831523 27.50336415272976 23.02958333333333 137.15875 27.691111111111113 0.0 137.21497 +27.57881 2000.0
20210408T051708.023 137.53213271632788 42.58757803790925 137.8820891484565 42.50156636524436 22.92458333333333 137.57333333333332 42.69083333333333 0.0 137.70603 +42.58515 2000.0
20210408T051926.943 123.09378639936229 -9.93513249020309 123.3569797986577 -9.988528475184745 38.10041666666667 122.98333333333332 -9.796111111111111 0.0 123.04097  -9.87988 2000.0
20210408T052115.197 123.49403153425857 5.065580280198399 123.7808304335459 5.007503362415137 38.123333333333335 123.40624999999999 5.198055555555555 0.0 123.43134  +5.08723 2000.0
20210408T052232.575 123.90461365445177 20.06630819317141 124.21778015337748 20.005156474823462 38.00583333333333 123.85208333333333 20.193055555555556 0.0 123.87726 +20.07880 2000.0
20210408T052344.858 124.20274266129938 35.066845627179276 124.54934082641185 35.00340755139167 37.95375 124.20625000000001 35.19027777777778 0.0 124.27071 +35.06197 2000.0
20210408T052455.490 124.45545599753034 50.06731658444815 124.85248714617902 50.001642917293054 37.89791666666667 124.55749999999999 50.19222222222223 0.0 124.72968 +50.06674 2000.0
20210408T052624.942 109.84042097830886 12.540473359527196 110.14642207048342 12.507947813528022 53.06458333333334 109.75625000000001 12.695833333333333 0.0 109.75764 +12.59232 2000.0
20210408T052736.289 110.183165395746 27.541170333188216 110.5215718068685 27.505675703627116 52.98166666666667 110.145 27.69055555555556 0.0 110.15958 +27.52482 2000.0
20210408T052848.213 110.43626528723387 42.54170265794497 110.81990328020127 42.503949641026594 52.953333333333326 110.47416666666666 42.689166666666665 0.0 110.54970 +42.53156 2000.0
20210408T053052.385 95.91955027798353 35.01257539652162 96.28781246301315 35.007221523380025 68.05083333333333 95.89458333333334 35.18805555555556 0.0  95.89694 +35.00311 2000.0
20210408T055103.305 100.94192411735506 50.022890527694024 101.3695932353577 50.00548401788052 67.96583333333334 101.04 50.1925 0.0 101.13712 +50.01322 2000.0
